#idx_j, #idx_k, idx_l, x[cm], y[cm], z[cm], alpha, beta, gamma, type
Bwd -50.		0	-2410    0 	
Tower 1 1 0 -19.25 -19.25 0 2 2 20 0 0 0 0
Tower 1 2 0 -19.25 -17.25 0 2 2 20 0 0 0 0
Tower 1 3 0 -19.25 -15.25 0 2 2 20 0 0 0 0
Tower 1 4 0 -19.25 -13.25 0 2 2 20 0 0 0 0
Tower 1 5 0 -19.25 -11.25 0 2 2 20 0 0 0 0
Tower 1 6 0 -19.25 -9.25 0 2 2 20 0 0 0 0
Tower 1 7 0 -19.25 -7.25 0 2 2 20 0 0 0 0
Tower 1 8 0 -19.25 -5.25 0 2 2 20 0 0 0 0
Tower 1 9 0 -19.25 -3.25 0 2 2 20 0 0 0 0
Tower 1 10 0 -19.25 -1.25 0 2 2 20 0 0 0 0
Tower 1 11 0 -19.25 0.75 0 2 2 20 0 0 0 0
Tower 1 12 0 -19.25 2.75 0 2 2 20 0 0 0 0
Tower 1 13 0 -19.25 4.75 0 2 2 20 0 0 0 0
Tower 1 14 0 -19.25 6.75 0 2 2 20 0 0 0 0
Tower 1 15 0 -19.25 8.75 0 2 2 20 0 0 0 0
Tower 1 16 0 -19.25 10.75 0 2 2 20 0 0 0 0
Tower 1 17 0 -19.25 12.75 0 2 2 20 0 0 0 0
Tower 1 18 0 -19.25 14.75 0 2 2 20 0 0 0 0
Tower 1 19 0 -19.25 16.75 0 2 2 20 0 0 0 0
Tower 1 20 0 -19.25 18.75 0 2 2 20 0 0 0 0
Tower 1 21 0 -19.25 20.75 0 2 2 20 0 0 0 0
Tower 2 1 0 -17.25 -19.25 0 2 2 20 0 0 0 0
Tower 2 2 0 -17.25 -17.25 0 2 2 20 0 0 0 0
Tower 2 3 0 -17.25 -15.25 0 2 2 20 0 0 0 0
Tower 2 4 0 -17.25 -13.25 0 2 2 20 0 0 0 0
Tower 2 5 0 -17.25 -11.25 0 2 2 20 0 0 0 0
Tower 2 6 0 -17.25 -9.25 0 2 2 20 0 0 0 0
Tower 2 7 0 -17.25 -7.25 0 2 2 20 0 0 0 0
Tower 2 8 0 -17.25 -5.25 0 2 2 20 0 0 0 0
Tower 2 9 0 -17.25 -3.25 0 2 2 20 0 0 0 0
Tower 2 10 0 -17.25 -1.25 0 2 2 20 0 0 0 0
Tower 2 11 0 -17.25 0.75 0 2 2 20 0 0 0 0
Tower 2 12 0 -17.25 2.75 0 2 2 20 0 0 0 0
Tower 2 13 0 -17.25 4.75 0 2 2 20 0 0 0 0
Tower 2 14 0 -17.25 6.75 0 2 2 20 0 0 0 0
Tower 2 15 0 -17.25 8.75 0 2 2 20 0 0 0 0
Tower 2 16 0 -17.25 10.75 0 2 2 20 0 0 0 0
Tower 2 17 0 -17.25 12.75 0 2 2 20 0 0 0 0
Tower 2 18 0 -17.25 14.75 0 2 2 20 0 0 0 0
Tower 2 19 0 -17.25 16.75 0 2 2 20 0 0 0 0
Tower 2 20 0 -17.25 18.75 0 2 2 20 0 0 0 0
Tower 2 21 0 -17.25 20.75 0 2 2 20 0 0 0 0
Tower 3 1 0 -15.25 -19.25 0 2 2 20 0 0 0 0
Tower 3 2 0 -15.25 -17.25 0 2 2 20 0 0 0 0
Tower 3 3 0 -15.25 -15.25 0 2 2 20 0 0 0 0
Tower 3 4 0 -15.25 -13.25 0 2 2 20 0 0 0 0
Tower 3 5 0 -15.25 -11.25 0 2 2 20 0 0 0 0
Tower 3 6 0 -15.25 -9.25 0 2 2 20 0 0 0 0
Tower 3 7 0 -15.25 -7.25 0 2 2 20 0 0 0 0
Tower 3 8 0 -15.25 -5.25 0 2 2 20 0 0 0 0
Tower 3 9 0 -15.25 -3.25 0 2 2 20 0 0 0 0
Tower 3 10 0 -15.25 -1.25 0 2 2 20 0 0 0 0
Tower 3 11 0 -15.25 0.75 0 2 2 20 0 0 0 0
Tower 3 12 0 -15.25 2.75 0 2 2 20 0 0 0 0
Tower 3 13 0 -15.25 4.75 0 2 2 20 0 0 0 0
Tower 3 14 0 -15.25 6.75 0 2 2 20 0 0 0 0
Tower 3 15 0 -15.25 8.75 0 2 2 20 0 0 0 0
Tower 3 16 0 -15.25 10.75 0 2 2 20 0 0 0 0
Tower 3 17 0 -15.25 12.75 0 2 2 20 0 0 0 0
Tower 3 18 0 -15.25 14.75 0 2 2 20 0 0 0 0
Tower 3 19 0 -15.25 16.75 0 2 2 20 0 0 0 0
Tower 3 20 0 -15.25 18.75 0 2 2 20 0 0 0 0
Tower 3 21 0 -15.25 20.75 0 2 2 20 0 0 0 0
Tower 4 1 0 -13.25 -19.25 0 2 2 20 0 0 0 0
Tower 4 2 0 -13.25 -17.25 0 2 2 20 0 0 0 0
Tower 4 3 0 -13.25 -15.25 0 2 2 20 0 0 0 0
Tower 4 4 0 -13.25 -13.25 0 2 2 20 0 0 0 0
Tower 4 5 0 -13.25 -11.25 0 2 2 20 0 0 0 0
Tower 4 6 0 -13.25 -9.25 0 2 2 20 0 0 0 0
Tower 4 7 0 -13.25 -7.25 0 2 2 20 0 0 0 0
Tower 4 8 0 -13.25 -5.25 0 2 2 20 0 0 0 0
Tower 4 9 0 -13.25 -3.25 0 2 2 20 0 0 0 0
Tower 4 10 0 -13.25 -1.25 0 2 2 20 0 0 0 0
Tower 4 11 0 -13.25 0.75 0 2 2 20 0 0 0 0
Tower 4 12 0 -13.25 2.75 0 2 2 20 0 0 0 0
Tower 4 13 0 -13.25 4.75 0 2 2 20 0 0 0 0
Tower 4 14 0 -13.25 6.75 0 2 2 20 0 0 0 0
Tower 4 15 0 -13.25 8.75 0 2 2 20 0 0 0 0
Tower 4 16 0 -13.25 10.75 0 2 2 20 0 0 0 0
Tower 4 17 0 -13.25 12.75 0 2 2 20 0 0 0 0
Tower 4 18 0 -13.25 14.75 0 2 2 20 0 0 0 0
Tower 4 19 0 -13.25 16.75 0 2 2 20 0 0 0 0
Tower 4 20 0 -13.25 18.75 0 2 2 20 0 0 0 0
Tower 4 21 0 -13.25 20.75 0 2 2 20 0 0 0 0
Tower 5 1 0 -11.25 -19.25 0 2 2 20 0 0 0 0
Tower 5 2 0 -11.25 -17.25 0 2 2 20 0 0 0 0
Tower 5 3 0 -11.25 -15.25 0 2 2 20 0 0 0 0
Tower 5 4 0 -11.25 -13.25 0 2 2 20 0 0 0 0
Tower 5 5 0 -11.25 -11.25 0 2 2 20 0 0 0 0
Tower 5 6 0 -11.25 -9.25 0 2 2 20 0 0 0 0
Tower 5 7 0 -11.25 -7.25 0 2 2 20 0 0 0 0
Tower 5 8 0 -11.25 -5.25 0 2 2 20 0 0 0 0
Tower 5 9 0 -11.25 -3.25 0 2 2 20 0 0 0 0
Tower 5 10 0 -11.25 -1.25 0 2 2 20 0 0 0 0
Tower 5 11 0 -11.25 0.75 0 2 2 20 0 0 0 0
Tower 5 12 0 -11.25 2.75 0 2 2 20 0 0 0 0
Tower 5 13 0 -11.25 4.75 0 2 2 20 0 0 0 0
Tower 5 14 0 -11.25 6.75 0 2 2 20 0 0 0 0
Tower 5 15 0 -11.25 8.75 0 2 2 20 0 0 0 0
Tower 5 16 0 -11.25 10.75 0 2 2 20 0 0 0 0
Tower 5 17 0 -11.25 12.75 0 2 2 20 0 0 0 0
Tower 5 18 0 -11.25 14.75 0 2 2 20 0 0 0 0
Tower 5 19 0 -11.25 16.75 0 2 2 20 0 0 0 0
Tower 5 20 0 -11.25 18.75 0 2 2 20 0 0 0 0
Tower 5 21 0 -11.25 20.75 0 2 2 20 0 0 0 0
Tower 6 1 0 -9.25 -19.25 0 2 2 20 0 0 0 0
Tower 6 2 0 -9.25 -17.25 0 2 2 20 0 0 0 0
Tower 6 3 0 -9.25 -15.25 0 2 2 20 0 0 0 0
Tower 6 4 0 -9.25 -13.25 0 2 2 20 0 0 0 0
Tower 6 5 0 -9.25 -11.25 0 2 2 20 0 0 0 0
Tower 6 6 0 -9.25 -9.25 0 2 2 20 0 0 0 0
Tower 6 7 0 -9.25 -7.25 0 2 2 20 0 0 0 0
Tower 6 8 0 -9.25 -5.25 0 2 2 20 0 0 0 0
Tower 6 9 0 -9.25 -3.25 0 2 2 20 0 0 0 0
Tower 6 10 0 -9.25 -1.25 0 2 2 20 0 0 0 0
Tower 6 11 0 -9.25 0.75 0 2 2 20 0 0 0 0
Tower 6 12 0 -9.25 2.75 0 2 2 20 0 0 0 0
Tower 6 13 0 -9.25 4.75 0 2 2 20 0 0 0 0
Tower 6 14 0 -9.25 6.75 0 2 2 20 0 0 0 0
Tower 6 15 0 -9.25 8.75 0 2 2 20 0 0 0 0
Tower 6 16 0 -9.25 10.75 0 2 2 20 0 0 0 0
Tower 6 17 0 -9.25 12.75 0 2 2 20 0 0 0 0
Tower 6 18 0 -9.25 14.75 0 2 2 20 0 0 0 0
Tower 6 19 0 -9.25 16.75 0 2 2 20 0 0 0 0
Tower 6 20 0 -9.25 18.75 0 2 2 20 0 0 0 0
Tower 6 21 0 -9.25 20.75 0 2 2 20 0 0 0 0
Tower 7 1 0 -7.25 -19.25 0 2 2 20 0 0 0 0
Tower 7 2 0 -7.25 -17.25 0 2 2 20 0 0 0 0
Tower 7 3 0 -7.25 -15.25 0 2 2 20 0 0 0 0
Tower 7 4 0 -7.25 -13.25 0 2 2 20 0 0 0 0
Tower 7 5 0 -7.25 -11.25 0 2 2 20 0 0 0 0
Tower 7 6 0 -7.25 -9.25 0 2 2 20 0 0 0 0
Tower 7 7 0 -7.25 -7.25 0 2 2 20 0 0 0 0
Tower 7 8 0 -7.25 -5.25 0 2 2 20 0 0 0 0
Tower 7 9 0 -7.25 -3.25 0 2 2 20 0 0 0 0
Tower 7 10 0 -7.25 -1.25 0 2 2 20 0 0 0 0
Tower 7 11 0 -7.25 0.75 0 2 2 20 0 0 0 0
Tower 7 12 0 -7.25 2.75 0 2 2 20 0 0 0 0
Tower 7 13 0 -7.25 4.75 0 2 2 20 0 0 0 0
Tower 7 14 0 -7.25 6.75 0 2 2 20 0 0 0 0
Tower 7 15 0 -7.25 8.75 0 2 2 20 0 0 0 0
Tower 7 16 0 -7.25 10.75 0 2 2 20 0 0 0 0
Tower 7 17 0 -7.25 12.75 0 2 2 20 0 0 0 0
Tower 7 18 0 -7.25 14.75 0 2 2 20 0 0 0 0
Tower 7 19 0 -7.25 16.75 0 2 2 20 0 0 0 0
Tower 7 20 0 -7.25 18.75 0 2 2 20 0 0 0 0
Tower 7 21 0 -7.25 20.75 0 2 2 20 0 0 0 0
Tower 8 1 0 -5.25 -19.25 0 2 2 20 0 0 0 0
Tower 8 2 0 -5.25 -17.25 0 2 2 20 0 0 0 0
Tower 8 3 0 -5.25 -15.25 0 2 2 20 0 0 0 0
Tower 8 4 0 -5.25 -13.25 0 2 2 20 0 0 0 0
Tower 8 5 0 -5.25 -11.25 0 2 2 20 0 0 0 0
Tower 8 6 0 -5.25 -9.25 0 2 2 20 0 0 0 0
Tower 8 7 0 -5.25 -7.25 0 2 2 20 0 0 0 0
Tower 8 8 0 -5.25 -5.25 0 2 2 20 0 0 0 0
Tower 8 9 0 -5.25 -3.25 0 2 2 20 0 0 0 0
Tower 8 10 0 -5.25 -1.25 0 2 2 20 0 0 0 0
Tower 8 11 0 -5.25 0.75 0 2 2 20 0 0 0 0
Tower 8 12 0 -5.25 2.75 0 2 2 20 0 0 0 0
Tower 8 13 0 -5.25 4.75 0 2 2 20 0 0 0 0
Tower 8 14 0 -5.25 6.75 0 2 2 20 0 0 0 0
Tower 8 15 0 -5.25 8.75 0 2 2 20 0 0 0 0
Tower 8 16 0 -5.25 10.75 0 2 2 20 0 0 0 0
Tower 8 17 0 -5.25 12.75 0 2 2 20 0 0 0 0
Tower 8 18 0 -5.25 14.75 0 2 2 20 0 0 0 0
Tower 8 19 0 -5.25 16.75 0 2 2 20 0 0 0 0
Tower 8 20 0 -5.25 18.75 0 2 2 20 0 0 0 0
Tower 8 21 0 -5.25 20.75 0 2 2 20 0 0 0 0
Tower 9 1 0 -3.25 -19.25 0 2 2 20 0 0 0 0
Tower 9 2 0 -3.25 -17.25 0 2 2 20 0 0 0 0
Tower 9 3 0 -3.25 -15.25 0 2 2 20 0 0 0 0
Tower 9 4 0 -3.25 -13.25 0 2 2 20 0 0 0 0
Tower 9 5 0 -3.25 -11.25 0 2 2 20 0 0 0 0
Tower 9 6 0 -3.25 -9.25 0 2 2 20 0 0 0 0
Tower 9 7 0 -3.25 -7.25 0 2 2 20 0 0 0 0
Tower 9 8 0 -3.25 -5.25 0 2 2 20 0 0 0 0
Tower 9 9 0 -3.25 -3.25 0 2 2 20 0 0 0 0
Tower 9 10 0 -3.25 -1.25 0 2 2 20 0 0 0 0
Tower 9 11 0 -3.25 0.75 0 2 2 20 0 0 0 0
Tower 9 12 0 -3.25 2.75 0 2 2 20 0 0 0 0
Tower 9 13 0 -3.25 4.75 0 2 2 20 0 0 0 0
Tower 9 14 0 -3.25 6.75 0 2 2 20 0 0 0 0
Tower 9 15 0 -3.25 8.75 0 2 2 20 0 0 0 0
Tower 9 16 0 -3.25 10.75 0 2 2 20 0 0 0 0
Tower 9 17 0 -3.25 12.75 0 2 2 20 0 0 0 0
Tower 9 18 0 -3.25 14.75 0 2 2 20 0 0 0 0
Tower 9 19 0 -3.25 16.75 0 2 2 20 0 0 0 0
Tower 9 20 0 -3.25 18.75 0 2 2 20 0 0 0 0
Tower 9 21 0 -3.25 20.75 0 2 2 20 0 0 0 0
Tower 10 1 0 -1.25 -19.25 0 2 2 20 0 0 0 0
Tower 10 2 0 -1.25 -17.25 0 2 2 20 0 0 0 0
Tower 10 3 0 -1.25 -15.25 0 2 2 20 0 0 0 0
Tower 10 4 0 -1.25 -13.25 0 2 2 20 0 0 0 0
Tower 10 5 0 -1.25 -11.25 0 2 2 20 0 0 0 0
Tower 10 6 0 -1.25 -9.25 0 2 2 20 0 0 0 0
Tower 10 7 0 -1.25 -7.25 0 2 2 20 0 0 0 0
Tower 10 8 0 -1.25 -5.25 0 2 2 20 0 0 0 0
Tower 10 9 0 -1.25 -3.25 0 2 2 20 0 0 0 0
Tower 10 10 0 -1.25 -1.25 0 2 2 20 0 0 0 0
Tower 10 11 0 -1.25 0.75 0 2 2 20 0 0 0 0
Tower 10 12 0 -1.25 2.75 0 2 2 20 0 0 0 0
Tower 10 13 0 -1.25 4.75 0 2 2 20 0 0 0 0
Tower 10 14 0 -1.25 6.75 0 2 2 20 0 0 0 0
Tower 10 15 0 -1.25 8.75 0 2 2 20 0 0 0 0
Tower 10 16 0 -1.25 10.75 0 2 2 20 0 0 0 0
Tower 10 17 0 -1.25 12.75 0 2 2 20 0 0 0 0
Tower 10 18 0 -1.25 14.75 0 2 2 20 0 0 0 0
Tower 10 19 0 -1.25 16.75 0 2 2 20 0 0 0 0
Tower 10 20 0 -1.25 18.75 0 2 2 20 0 0 0 0
Tower 10 21 0 -1.25 20.75 0 2 2 20 0 0 0 0
Tower 11 1 0 0.75 -19.25 0 2 2 20 0 0 0 0
Tower 11 2 0 0.75 -17.25 0 2 2 20 0 0 0 0
Tower 11 3 0 0.75 -15.25 0 2 2 20 0 0 0 0
Tower 11 4 0 0.75 -13.25 0 2 2 20 0 0 0 0
Tower 11 5 0 0.75 -11.25 0 2 2 20 0 0 0 0
Tower 11 6 0 0.75 -9.25 0 2 2 20 0 0 0 0
Tower 11 7 0 0.75 -7.25 0 2 2 20 0 0 0 0
Tower 11 8 0 0.75 -5.25 0 2 2 20 0 0 0 0
Tower 11 9 0 0.75 -3.25 0 2 2 20 0 0 0 0
Tower 11 10 0 0.75 -1.25 0 2 2 20 0 0 0 0
Tower 11 11 0 0.75 0.75 0 2 2 20 0 0 0 0
Tower 11 12 0 0.75 2.75 0 2 2 20 0 0 0 0
Tower 11 13 0 0.75 4.75 0 2 2 20 0 0 0 0
Tower 11 14 0 0.75 6.75 0 2 2 20 0 0 0 0
Tower 11 15 0 0.75 8.75 0 2 2 20 0 0 0 0
Tower 11 16 0 0.75 10.75 0 2 2 20 0 0 0 0
Tower 11 17 0 0.75 12.75 0 2 2 20 0 0 0 0
Tower 11 18 0 0.75 14.75 0 2 2 20 0 0 0 0
Tower 11 19 0 0.75 16.75 0 2 2 20 0 0 0 0
Tower 11 20 0 0.75 18.75 0 2 2 20 0 0 0 0
Tower 11 21 0 0.75 20.75 0 2 2 20 0 0 0 0
Tower 12 1 0 2.75 -19.25 0 2 2 20 0 0 0 0
Tower 12 2 0 2.75 -17.25 0 2 2 20 0 0 0 0
Tower 12 3 0 2.75 -15.25 0 2 2 20 0 0 0 0
Tower 12 4 0 2.75 -13.25 0 2 2 20 0 0 0 0
Tower 12 5 0 2.75 -11.25 0 2 2 20 0 0 0 0
Tower 12 6 0 2.75 -9.25 0 2 2 20 0 0 0 0
Tower 12 7 0 2.75 -7.25 0 2 2 20 0 0 0 0
Tower 12 8 0 2.75 -5.25 0 2 2 20 0 0 0 0
Tower 12 9 0 2.75 -3.25 0 2 2 20 0 0 0 0
Tower 12 10 0 2.75 -1.25 0 2 2 20 0 0 0 0
Tower 12 11 0 2.75 0.75 0 2 2 20 0 0 0 0
Tower 12 12 0 2.75 2.75 0 2 2 20 0 0 0 0
Tower 12 13 0 2.75 4.75 0 2 2 20 0 0 0 0
Tower 12 14 0 2.75 6.75 0 2 2 20 0 0 0 0
Tower 12 15 0 2.75 8.75 0 2 2 20 0 0 0 0
Tower 12 16 0 2.75 10.75 0 2 2 20 0 0 0 0
Tower 12 17 0 2.75 12.75 0 2 2 20 0 0 0 0
Tower 12 18 0 2.75 14.75 0 2 2 20 0 0 0 0
Tower 12 19 0 2.75 16.75 0 2 2 20 0 0 0 0
Tower 12 20 0 2.75 18.75 0 2 2 20 0 0 0 0
Tower 12 21 0 2.75 20.75 0 2 2 20 0 0 0 0
Tower 13 1 0 4.75 -19.25 0 2 2 20 0 0 0 0
Tower 13 2 0 4.75 -17.25 0 2 2 20 0 0 0 0
Tower 13 3 0 4.75 -15.25 0 2 2 20 0 0 0 0
Tower 13 4 0 4.75 -13.25 0 2 2 20 0 0 0 0
Tower 13 5 0 4.75 -11.25 0 2 2 20 0 0 0 0
Tower 13 6 0 4.75 -9.25 0 2 2 20 0 0 0 0
Tower 13 7 0 4.75 -7.25 0 2 2 20 0 0 0 0
Tower 13 8 0 4.75 -5.25 0 2 2 20 0 0 0 0
Tower 13 9 0 4.75 -3.25 0 2 2 20 0 0 0 0
Tower 13 10 0 4.75 -1.25 0 2 2 20 0 0 0 0
Tower 13 11 0 4.75 0.75 0 2 2 20 0 0 0 0
Tower 13 12 0 4.75 2.75 0 2 2 20 0 0 0 0
Tower 13 13 0 4.75 4.75 0 2 2 20 0 0 0 0
Tower 13 14 0 4.75 6.75 0 2 2 20 0 0 0 0
Tower 13 15 0 4.75 8.75 0 2 2 20 0 0 0 0
Tower 13 16 0 4.75 10.75 0 2 2 20 0 0 0 0
Tower 13 17 0 4.75 12.75 0 2 2 20 0 0 0 0
Tower 13 18 0 4.75 14.75 0 2 2 20 0 0 0 0
Tower 13 19 0 4.75 16.75 0 2 2 20 0 0 0 0
Tower 13 20 0 4.75 18.75 0 2 2 20 0 0 0 0
Tower 13 21 0 4.75 20.75 0 2 2 20 0 0 0 0
Tower 14 1 0 6.75 -19.25 0 2 2 20 0 0 0 0
Tower 14 2 0 6.75 -17.25 0 2 2 20 0 0 0 0
Tower 14 3 0 6.75 -15.25 0 2 2 20 0 0 0 0
Tower 14 4 0 6.75 -13.25 0 2 2 20 0 0 0 0
Tower 14 5 0 6.75 -11.25 0 2 2 20 0 0 0 0
Tower 14 6 0 6.75 -9.25 0 2 2 20 0 0 0 0
Tower 14 7 0 6.75 -7.25 0 2 2 20 0 0 0 0
Tower 14 8 0 6.75 -5.25 0 2 2 20 0 0 0 0
Tower 14 9 0 6.75 -3.25 0 2 2 20 0 0 0 0
Tower 14 10 0 6.75 -1.25 0 2 2 20 0 0 0 0
Tower 14 11 0 6.75 0.75 0 2 2 20 0 0 0 0
Tower 14 12 0 6.75 2.75 0 2 2 20 0 0 0 0
Tower 14 13 0 6.75 4.75 0 2 2 20 0 0 0 0
Tower 14 14 0 6.75 6.75 0 2 2 20 0 0 0 0
Tower 14 15 0 6.75 8.75 0 2 2 20 0 0 0 0
Tower 14 16 0 6.75 10.75 0 2 2 20 0 0 0 0
Tower 14 17 0 6.75 12.75 0 2 2 20 0 0 0 0
Tower 14 18 0 6.75 14.75 0 2 2 20 0 0 0 0
Tower 14 19 0 6.75 16.75 0 2 2 20 0 0 0 0
Tower 14 20 0 6.75 18.75 0 2 2 20 0 0 0 0
Tower 14 21 0 6.75 20.75 0 2 2 20 0 0 0 0
Tower 15 1 0 8.75 -19.25 0 2 2 20 0 0 0 0
Tower 15 2 0 8.75 -17.25 0 2 2 20 0 0 0 0
Tower 15 3 0 8.75 -15.25 0 2 2 20 0 0 0 0
Tower 15 4 0 8.75 -13.25 0 2 2 20 0 0 0 0
Tower 15 5 0 8.75 -11.25 0 2 2 20 0 0 0 0
Tower 15 6 0 8.75 -9.25 0 2 2 20 0 0 0 0
Tower 15 7 0 8.75 -7.25 0 2 2 20 0 0 0 0
Tower 15 8 0 8.75 -5.25 0 2 2 20 0 0 0 0
Tower 15 9 0 8.75 -3.25 0 2 2 20 0 0 0 0
Tower 15 10 0 8.75 -1.25 0 2 2 20 0 0 0 0
Tower 15 11 0 8.75 0.75 0 2 2 20 0 0 0 0
Tower 15 12 0 8.75 2.75 0 2 2 20 0 0 0 0
Tower 15 13 0 8.75 4.75 0 2 2 20 0 0 0 0
Tower 15 14 0 8.75 6.75 0 2 2 20 0 0 0 0
Tower 15 15 0 8.75 8.75 0 2 2 20 0 0 0 0
Tower 15 16 0 8.75 10.75 0 2 2 20 0 0 0 0
Tower 15 17 0 8.75 12.75 0 2 2 20 0 0 0 0
Tower 15 18 0 8.75 14.75 0 2 2 20 0 0 0 0
Tower 15 19 0 8.75 16.75 0 2 2 20 0 0 0 0
Tower 15 20 0 8.75 18.75 0 2 2 20 0 0 0 0
Tower 15 21 0 8.75 20.75 0 2 2 20 0 0 0 0
Tower 16 1 0 10.75 -19.25 0 2 2 20 0 0 0 0
Tower 16 2 0 10.75 -17.25 0 2 2 20 0 0 0 0
Tower 16 3 0 10.75 -15.25 0 2 2 20 0 0 0 0
Tower 16 4 0 10.75 -13.25 0 2 2 20 0 0 0 0
Tower 16 5 0 10.75 -11.25 0 2 2 20 0 0 0 0
Tower 16 6 0 10.75 -9.25 0 2 2 20 0 0 0 0
Tower 16 7 0 10.75 -7.25 0 2 2 20 0 0 0 0
Tower 16 8 0 10.75 -5.25 0 2 2 20 0 0 0 0
Tower 16 9 0 10.75 -3.25 0 2 2 20 0 0 0 0
Tower 16 10 0 10.75 -1.25 0 2 2 20 0 0 0 0
Tower 16 11 0 10.75 0.75 0 2 2 20 0 0 0 0
Tower 16 12 0 10.75 2.75 0 2 2 20 0 0 0 0
Tower 16 13 0 10.75 4.75 0 2 2 20 0 0 0 0
Tower 16 14 0 10.75 6.75 0 2 2 20 0 0 0 0
Tower 16 15 0 10.75 8.75 0 2 2 20 0 0 0 0
Tower 16 16 0 10.75 10.75 0 2 2 20 0 0 0 0
Tower 16 17 0 10.75 12.75 0 2 2 20 0 0 0 0
Tower 16 18 0 10.75 14.75 0 2 2 20 0 0 0 0
Tower 16 19 0 10.75 16.75 0 2 2 20 0 0 0 0
Tower 16 20 0 10.75 18.75 0 2 2 20 0 0 0 0
Tower 16 21 0 10.75 20.75 0 2 2 20 0 0 0 0
Tower 17 1 0 12.75 -19.25 0 2 2 20 0 0 0 0
Tower 17 2 0 12.75 -17.25 0 2 2 20 0 0 0 0
Tower 17 3 0 12.75 -15.25 0 2 2 20 0 0 0 0
Tower 17 4 0 12.75 -13.25 0 2 2 20 0 0 0 0
Tower 17 5 0 12.75 -11.25 0 2 2 20 0 0 0 0
Tower 17 6 0 12.75 -9.25 0 2 2 20 0 0 0 0
Tower 17 7 0 12.75 -7.25 0 2 2 20 0 0 0 0
Tower 17 8 0 12.75 -5.25 0 2 2 20 0 0 0 0
Tower 17 9 0 12.75 -3.25 0 2 2 20 0 0 0 0
Tower 17 10 0 12.75 -1.25 0 2 2 20 0 0 0 0
Tower 17 11 0 12.75 0.75 0 2 2 20 0 0 0 0
Tower 17 12 0 12.75 2.75 0 2 2 20 0 0 0 0
Tower 17 13 0 12.75 4.75 0 2 2 20 0 0 0 0
Tower 17 14 0 12.75 6.75 0 2 2 20 0 0 0 0
Tower 17 15 0 12.75 8.75 0 2 2 20 0 0 0 0
Tower 17 16 0 12.75 10.75 0 2 2 20 0 0 0 0
Tower 17 17 0 12.75 12.75 0 2 2 20 0 0 0 0
Tower 17 18 0 12.75 14.75 0 2 2 20 0 0 0 0
Tower 17 19 0 12.75 16.75 0 2 2 20 0 0 0 0
Tower 17 20 0 12.75 18.75 0 2 2 20 0 0 0 0
Tower 17 21 0 12.75 20.75 0 2 2 20 0 0 0 0
Tower 18 1 0 14.75 -19.25 0 2 2 20 0 0 0 0
Tower 18 2 0 14.75 -17.25 0 2 2 20 0 0 0 0
Tower 18 3 0 14.75 -15.25 0 2 2 20 0 0 0 0
Tower 18 4 0 14.75 -13.25 0 2 2 20 0 0 0 0
Tower 18 5 0 14.75 -11.25 0 2 2 20 0 0 0 0
Tower 18 6 0 14.75 -9.25 0 2 2 20 0 0 0 0
Tower 18 7 0 14.75 -7.25 0 2 2 20 0 0 0 0
Tower 18 8 0 14.75 -5.25 0 2 2 20 0 0 0 0
Tower 18 9 0 14.75 -3.25 0 2 2 20 0 0 0 0
Tower 18 10 0 14.75 -1.25 0 2 2 20 0 0 0 0
Tower 18 11 0 14.75 0.75 0 2 2 20 0 0 0 0
Tower 18 12 0 14.75 2.75 0 2 2 20 0 0 0 0
Tower 18 13 0 14.75 4.75 0 2 2 20 0 0 0 0
Tower 18 14 0 14.75 6.75 0 2 2 20 0 0 0 0
Tower 18 15 0 14.75 8.75 0 2 2 20 0 0 0 0
Tower 18 16 0 14.75 10.75 0 2 2 20 0 0 0 0
Tower 18 17 0 14.75 12.75 0 2 2 20 0 0 0 0
Tower 18 18 0 14.75 14.75 0 2 2 20 0 0 0 0
Tower 18 19 0 14.75 16.75 0 2 2 20 0 0 0 0
Tower 18 20 0 14.75 18.75 0 2 2 20 0 0 0 0
Tower 18 21 0 14.75 20.75 0 2 2 20 0 0 0 0
Tower 19 1 0 16.75 -19.25 0 2 2 20 0 0 0 0
Tower 19 2 0 16.75 -17.25 0 2 2 20 0 0 0 0
Tower 19 3 0 16.75 -15.25 0 2 2 20 0 0 0 0
Tower 19 4 0 16.75 -13.25 0 2 2 20 0 0 0 0
Tower 19 5 0 16.75 -11.25 0 2 2 20 0 0 0 0
Tower 19 6 0 16.75 -9.25 0 2 2 20 0 0 0 0
Tower 19 7 0 16.75 -7.25 0 2 2 20 0 0 0 0
Tower 19 8 0 16.75 -5.25 0 2 2 20 0 0 0 0
Tower 19 9 0 16.75 -3.25 0 2 2 20 0 0 0 0
Tower 19 10 0 16.75 -1.25 0 2 2 20 0 0 0 0
Tower 19 11 0 16.75 0.75 0 2 2 20 0 0 0 0
Tower 19 12 0 16.75 2.75 0 2 2 20 0 0 0 0
Tower 19 13 0 16.75 4.75 0 2 2 20 0 0 0 0
Tower 19 14 0 16.75 6.75 0 2 2 20 0 0 0 0
Tower 19 15 0 16.75 8.75 0 2 2 20 0 0 0 0
Tower 19 16 0 16.75 10.75 0 2 2 20 0 0 0 0
Tower 19 17 0 16.75 12.75 0 2 2 20 0 0 0 0
Tower 19 18 0 16.75 14.75 0 2 2 20 0 0 0 0
Tower 19 19 0 16.75 16.75 0 2 2 20 0 0 0 0
Tower 19 20 0 16.75 18.75 0 2 2 20 0 0 0 0
Tower 19 21 0 16.75 20.75 0 2 2 20 0 0 0 0
Tower 20 1 0 18.75 -19.25 0 2 2 20 0 0 0 0
Tower 20 2 0 18.75 -17.25 0 2 2 20 0 0 0 0
Tower 20 3 0 18.75 -15.25 0 2 2 20 0 0 0 0
Tower 20 4 0 18.75 -13.25 0 2 2 20 0 0 0 0
Tower 20 5 0 18.75 -11.25 0 2 2 20 0 0 0 0
Tower 20 6 0 18.75 -9.25 0 2 2 20 0 0 0 0
Tower 20 7 0 18.75 -7.25 0 2 2 20 0 0 0 0
Tower 20 8 0 18.75 -5.25 0 2 2 20 0 0 0 0
Tower 20 9 0 18.75 -3.25 0 2 2 20 0 0 0 0
Tower 20 10 0 18.75 -1.25 0 2 2 20 0 0 0 0
Tower 20 11 0 18.75 0.75 0 2 2 20 0 0 0 0
Tower 20 12 0 18.75 2.75 0 2 2 20 0 0 0 0
Tower 20 13 0 18.75 4.75 0 2 2 20 0 0 0 0
Tower 20 14 0 18.75 6.75 0 2 2 20 0 0 0 0
Tower 20 15 0 18.75 8.75 0 2 2 20 0 0 0 0
Tower 20 16 0 18.75 10.75 0 2 2 20 0 0 0 0
Tower 20 17 0 18.75 12.75 0 2 2 20 0 0 0 0
Tower 20 18 0 18.75 14.75 0 2 2 20 0 0 0 0
Tower 20 19 0 18.75 16.75 0 2 2 20 0 0 0 0
Tower 20 20 0 18.75 18.75 0 2 2 20 0 0 0 0
Tower 20 21 0 18.75 20.75 0 2 2 20 0 0 0 0
Tower 21 1 0 20.75 -19.25 0 2 2 20 0 0 0 0
Tower 21 2 0 20.75 -17.25 0 2 2 20 0 0 0 0
Tower 21 3 0 20.75 -15.25 0 2 2 20 0 0 0 0
Tower 21 4 0 20.75 -13.25 0 2 2 20 0 0 0 0
Tower 21 5 0 20.75 -11.25 0 2 2 20 0 0 0 0
Tower 21 6 0 20.75 -9.25 0 2 2 20 0 0 0 0
Tower 21 7 0 20.75 -7.25 0 2 2 20 0 0 0 0
Tower 21 8 0 20.75 -5.25 0 2 2 20 0 0 0 0
Tower 21 9 0 20.75 -3.25 0 2 2 20 0 0 0 0
Tower 21 10 0 20.75 -1.25 0 2 2 20 0 0 0 0
Tower 21 11 0 20.75 0.75 0 2 2 20 0 0 0 0
Tower 21 12 0 20.75 2.75 0 2 2 20 0 0 0 0
Tower 21 13 0 20.75 4.75 0 2 2 20 0 0 0 0
Tower 21 14 0 20.75 6.75 0 2 2 20 0 0 0 0
Tower 21 15 0 20.75 8.75 0 2 2 20 0 0 0 0
Tower 21 16 0 20.75 10.75 0 2 2 20 0 0 0 0
Tower 21 17 0 20.75 12.75 0 2 2 20 0 0 0 0
Tower 21 18 0 20.75 14.75 0 2 2 20 0 0 0 0
Tower 21 19 0 20.75 16.75 0 2 2 20 0 0 0 0
Tower 21 20 0 20.75 18.75 0 2 2 20 0 0 0 0
Tower 21 21 0 20.75 20.75 0 2 2 20 0 0 0 0
