#idx_j, #idx_k, idx_l, x[cm], y[cm], z[cm], alpha, beta, gamma, type
Bwd -65.		0	-3710    0 	
Tower 1 1 0 -14 -9.5 0 2 2 20 0 0 0 0
Tower 1 2 0 -14 -7.5 0 2 2 20 0 0 0 0
Tower 1 3 0 -14 -5.5 0 2 2 20 0 0 0 0
Tower 1 4 0 -14 -3.5 0 2 2 20 0 0 0 0
Tower 1 5 0 -14 -1.5 0 2 2 20 0 0 0 0
Tower 1 6 0 -14 0.5 0 2 2 20 0 0 0 0
Tower 1 7 0 -14 2.5 0 2 2 20 0 0 0 0
Tower 1 8 0 -14 4.5 0 2 2 20 0 0 0 0
Tower 1 9 0 -14 6.5 0 2 2 20 0 0 0 0
Tower 1 10 0 -14 8.5 0 2 2 20 0 0 0 0
Tower 1 11 0 -14 10.5 0 2 2 20 0 0 0 0
Tower 2 1 0 -12 -9.5 0 2 2 20 0 0 0 0
Tower 2 2 0 -12 -7.5 0 2 2 20 0 0 0 0
Tower 2 3 0 -12 -5.5 0 2 2 20 0 0 0 0
Tower 2 4 0 -12 -3.5 0 2 2 20 0 0 0 0
Tower 2 5 0 -12 -1.5 0 2 2 20 0 0 0 0
Tower 2 6 0 -12 0.5 0 2 2 20 0 0 0 0
Tower 2 7 0 -12 2.5 0 2 2 20 0 0 0 0
Tower 2 8 0 -12 4.5 0 2 2 20 0 0 0 0
Tower 2 9 0 -12 6.5 0 2 2 20 0 0 0 0
Tower 2 10 0 -12 8.5 0 2 2 20 0 0 0 0
Tower 2 11 0 -12 10.5 0 2 2 20 0 0 0 0
Tower 3 1 0 -10 -9.5 0 2 2 20 0 0 0 0
Tower 3 2 0 -10 -7.5 0 2 2 20 0 0 0 0
Tower 3 3 0 -10 -5.5 0 2 2 20 0 0 0 0
Tower 3 4 0 -10 -3.5 0 2 2 20 0 0 0 0
Tower 3 5 0 -10 -1.5 0 2 2 20 0 0 0 0
Tower 3 6 0 -10 0.5 0 2 2 20 0 0 0 0
Tower 3 7 0 -10 2.5 0 2 2 20 0 0 0 0
Tower 3 8 0 -10 4.5 0 2 2 20 0 0 0 0
Tower 3 9 0 -10 6.5 0 2 2 20 0 0 0 0
Tower 3 10 0 -10 8.5 0 2 2 20 0 0 0 0
Tower 3 11 0 -10 10.5 0 2 2 20 0 0 0 0
Tower 4 1 0 -8 -9.5 0 2 2 20 0 0 0 0
Tower 4 2 0 -8 -7.5 0 2 2 20 0 0 0 0
Tower 4 3 0 -8 -5.5 0 2 2 20 0 0 0 0
Tower 4 4 0 -8 -3.5 0 2 2 20 0 0 0 0
Tower 4 5 0 -8 -1.5 0 2 2 20 0 0 0 0
Tower 4 6 0 -8 0.5 0 2 2 20 0 0 0 0
Tower 4 7 0 -8 2.5 0 2 2 20 0 0 0 0
Tower 4 8 0 -8 4.5 0 2 2 20 0 0 0 0
Tower 4 9 0 -8 6.5 0 2 2 20 0 0 0 0
Tower 4 10 0 -8 8.5 0 2 2 20 0 0 0 0
Tower 4 11 0 -8 10.5 0 2 2 20 0 0 0 0
Tower 5 1 0 -6 -9.5 0 2 2 20 0 0 0 0
Tower 5 2 0 -6 -7.5 0 2 2 20 0 0 0 0
Tower 5 3 0 -6 -5.5 0 2 2 20 0 0 0 0
Tower 5 4 0 -6 -3.5 0 2 2 20 0 0 0 0
Tower 5 5 0 -6 -1.5 0 2 2 20 0 0 0 0
Tower 5 6 0 -6 0.5 0 2 2 20 0 0 0 0
Tower 5 7 0 -6 2.5 0 2 2 20 0 0 0 0
Tower 5 8 0 -6 4.5 0 2 2 20 0 0 0 0
Tower 5 9 0 -6 6.5 0 2 2 20 0 0 0 0
Tower 5 10 0 -6 8.5 0 2 2 20 0 0 0 0
Tower 5 11 0 -6 10.5 0 2 2 20 0 0 0 0
Tower 6 1 0 -4 -9.5 0 2 2 20 0 0 0 0
Tower 6 2 0 -4 -7.5 0 2 2 20 0 0 0 0
Tower 6 3 0 -4 -5.5 0 2 2 20 0 0 0 0
Tower 6 4 0 -4 -3.5 0 2 2 20 0 0 0 0
Tower 6 5 0 -4 -1.5 0 2 2 20 0 0 0 0
Tower 6 6 0 -4 0.5 0 2 2 20 0 0 0 0
Tower 6 7 0 -4 2.5 0 2 2 20 0 0 0 0
Tower 6 8 0 -4 4.5 0 2 2 20 0 0 0 0
Tower 6 9 0 -4 6.5 0 2 2 20 0 0 0 0
Tower 6 10 0 -4 8.5 0 2 2 20 0 0 0 0
Tower 6 11 0 -4 10.5 0 2 2 20 0 0 0 0
Tower 7 1 0 -2 -9.5 0 2 2 20 0 0 0 0
Tower 7 2 0 -2 -7.5 0 2 2 20 0 0 0 0
Tower 7 3 0 -2 -5.5 0 2 2 20 0 0 0 0
Tower 7 4 0 -2 -3.5 0 2 2 20 0 0 0 0
Tower 7 5 0 -2 -1.5 0 2 2 20 0 0 0 0
Tower 7 6 0 -2 0.5 0 2 2 20 0 0 0 0
Tower 7 7 0 -2 2.5 0 2 2 20 0 0 0 0
Tower 7 8 0 -2 4.5 0 2 2 20 0 0 0 0
Tower 7 9 0 -2 6.5 0 2 2 20 0 0 0 0
Tower 7 10 0 -2 8.5 0 2 2 20 0 0 0 0
Tower 7 11 0 -2 10.5 0 2 2 20 0 0 0 0
Tower 8 1 0 0 -9.5 0 2 2 20 0 0 0 0
Tower 8 2 0 0 -7.5 0 2 2 20 0 0 0 0
Tower 8 3 0 0 -5.5 0 2 2 20 0 0 0 0
Tower 8 4 0 0 -3.5 0 2 2 20 0 0 0 0
Tower 8 5 0 0 -1.5 0 2 2 20 0 0 0 0
Tower 8 6 0 0 0.5 0 2 2 20 0 0 0 0
Tower 8 7 0 0 2.5 0 2 2 20 0 0 0 0
Tower 8 8 0 0 4.5 0 2 2 20 0 0 0 0
Tower 8 9 0 0 6.5 0 2 2 20 0 0 0 0
Tower 8 10 0 0 8.5 0 2 2 20 0 0 0 0
Tower 8 11 0 0 10.5 0 2 2 20 0 0 0 0
Tower 9 1 0 2 -9.5 0 2 2 20 0 0 0 0
Tower 9 2 0 2 -7.5 0 2 2 20 0 0 0 0
Tower 9 3 0 2 -5.5 0 2 2 20 0 0 0 0
Tower 9 4 0 2 -3.5 0 2 2 20 0 0 0 0
Tower 9 5 0 2 -1.5 0 2 2 20 0 0 0 0
Tower 9 6 0 2 0.5 0 2 2 20 0 0 0 0
Tower 9 7 0 2 2.5 0 2 2 20 0 0 0 0
Tower 9 8 0 2 4.5 0 2 2 20 0 0 0 0
Tower 9 9 0 2 6.5 0 2 2 20 0 0 0 0
Tower 9 10 0 2 8.5 0 2 2 20 0 0 0 0
Tower 9 11 0 2 10.5 0 2 2 20 0 0 0 0
Tower 10 1 0 4 -9.5 0 2 2 20 0 0 0 0
Tower 10 2 0 4 -7.5 0 2 2 20 0 0 0 0
Tower 10 3 0 4 -5.5 0 2 2 20 0 0 0 0
Tower 10 4 0 4 -3.5 0 2 2 20 0 0 0 0
Tower 10 5 0 4 -1.5 0 2 2 20 0 0 0 0
Tower 10 6 0 4 0.5 0 2 2 20 0 0 0 0
Tower 10 7 0 4 2.5 0 2 2 20 0 0 0 0
Tower 10 8 0 4 4.5 0 2 2 20 0 0 0 0
Tower 10 9 0 4 6.5 0 2 2 20 0 0 0 0
Tower 10 10 0 4 8.5 0 2 2 20 0 0 0 0
Tower 10 11 0 4 10.5 0 2 2 20 0 0 0 0
Tower 11 1 0 6 -9.5 0 2 2 20 0 0 0 0
Tower 11 2 0 6 -7.5 0 2 2 20 0 0 0 0
Tower 11 3 0 6 -5.5 0 2 2 20 0 0 0 0
Tower 11 4 0 6 -3.5 0 2 2 20 0 0 0 0
Tower 11 5 0 6 -1.5 0 2 2 20 0 0 0 0
Tower 11 6 0 6 0.5 0 2 2 20 0 0 0 0
Tower 11 7 0 6 2.5 0 2 2 20 0 0 0 0
Tower 11 8 0 6 4.5 0 2 2 20 0 0 0 0
Tower 11 9 0 6 6.5 0 2 2 20 0 0 0 0
Tower 11 10 0 6 8.5 0 2 2 20 0 0 0 0
Tower 11 11 0 6 10.5 0 2 2 20 0 0 0 0
Tower 12 1 0 8 -9.5 0 2 2 20 0 0 0 0
Tower 12 2 0 8 -7.5 0 2 2 20 0 0 0 0
Tower 12 3 0 8 -5.5 0 2 2 20 0 0 0 0
Tower 12 4 0 8 -3.5 0 2 2 20 0 0 0 0
Tower 12 5 0 8 -1.5 0 2 2 20 0 0 0 0
Tower 12 6 0 8 0.5 0 2 2 20 0 0 0 0
Tower 12 7 0 8 2.5 0 2 2 20 0 0 0 0
Tower 12 8 0 8 4.5 0 2 2 20 0 0 0 0
Tower 12 9 0 8 6.5 0 2 2 20 0 0 0 0
Tower 12 10 0 8 8.5 0 2 2 20 0 0 0 0
Tower 12 11 0 8 10.5 0 2 2 20 0 0 0 0
Tower 13 1 0 10 -9.5 0 2 2 20 0 0 0 0
Tower 13 2 0 10 -7.5 0 2 2 20 0 0 0 0
Tower 13 3 0 10 -5.5 0 2 2 20 0 0 0 0
Tower 13 4 0 10 -3.5 0 2 2 20 0 0 0 0
Tower 13 5 0 10 -1.5 0 2 2 20 0 0 0 0
Tower 13 6 0 10 0.5 0 2 2 20 0 0 0 0
Tower 13 7 0 10 2.5 0 2 2 20 0 0 0 0
Tower 13 8 0 10 4.5 0 2 2 20 0 0 0 0
Tower 13 9 0 10 6.5 0 2 2 20 0 0 0 0
Tower 13 10 0 10 8.5 0 2 2 20 0 0 0 0
Tower 13 11 0 10 10.5 0 2 2 20 0 0 0 0
Tower 14 1 0 12 -9.5 0 2 2 20 0 0 0 0
Tower 14 2 0 12 -7.5 0 2 2 20 0 0 0 0
Tower 14 3 0 12 -5.5 0 2 2 20 0 0 0 0
Tower 14 4 0 12 -3.5 0 2 2 20 0 0 0 0
Tower 14 5 0 12 -1.5 0 2 2 20 0 0 0 0
Tower 14 6 0 12 0.5 0 2 2 20 0 0 0 0
Tower 14 7 0 12 2.5 0 2 2 20 0 0 0 0
Tower 14 8 0 12 4.5 0 2 2 20 0 0 0 0
Tower 14 9 0 12 6.5 0 2 2 20 0 0 0 0
Tower 14 10 0 12 8.5 0 2 2 20 0 0 0 0
Tower 14 11 0 12 10.5 0 2 2 20 0 0 0 0
Tower 15 1 0 14 -9.5 0 2 2 20 0 0 0 0
Tower 15 2 0 14 -7.5 0 2 2 20 0 0 0 0
Tower 15 3 0 14 -5.5 0 2 2 20 0 0 0 0
Tower 15 4 0 14 -3.5 0 2 2 20 0 0 0 0
Tower 15 5 0 14 -1.5 0 2 2 20 0 0 0 0
Tower 15 6 0 14 0.5 0 2 2 20 0 0 0 0
Tower 15 7 0 14 2.5 0 2 2 20 0 0 0 0
Tower 15 8 0 14 4.5 0 2 2 20 0 0 0 0
Tower 15 9 0 14 6.5 0 2 2 20 0 0 0 0
Tower 15 10 0 14 8.5 0 2 2 20 0 0 0 0
Tower 15 11 0 14 10.5 0 2 2 20 0 0 0 0
Tower 16 1 0 16 -9.5 0 2 2 20 0 0 0 0
Tower 16 2 0 16 -7.5 0 2 2 20 0 0 0 0
Tower 16 3 0 16 -5.5 0 2 2 20 0 0 0 0
Tower 16 4 0 16 -3.5 0 2 2 20 0 0 0 0
Tower 16 5 0 16 -1.5 0 2 2 20 0 0 0 0
Tower 16 6 0 16 0.5 0 2 2 20 0 0 0 0
Tower 16 7 0 16 2.5 0 2 2 20 0 0 0 0
Tower 16 8 0 16 4.5 0 2 2 20 0 0 0 0
Tower 16 9 0 16 6.5 0 2 2 20 0 0 0 0
Tower 16 10 0 16 8.5 0 2 2 20 0 0 0 0
Tower 16 11 0 16 10.5 0 2 2 20 0 0 0 0
