#idx_j, #idx_k, idx_l, x[cm], y[cm], z[cm], alpha, beta, gamma, type
Bwd 0.		-30	-3310    0 	
Tower 1 1 0 -7 -3 0 2 2 20 0 0 0 0
Tower 1 2 0 -7 -1 0 2 2 20 0 0 0 0
Tower 1 3 0 -7 1 0 2 2 20 0 0 0 0
Tower 1 4 0 -7 3 0 2 2 20 0 0 0 0
Tower 1 5 0 -7 5 0 2 2 20 0 0 0 0
Tower 2 1 0 -5 -3 0 2 2 20 0 0 0 0
Tower 2 2 0 -5 -1 0 2 2 20 0 0 0 0
Tower 2 3 0 -5 1 0 2 2 20 0 0 0 0
Tower 2 4 0 -5 3 0 2 2 20 0 0 0 0
Tower 2 5 0 -5 5 0 2 2 20 0 0 0 0
Tower 3 1 0 -3 -3 0 2 2 20 0 0 0 0
Tower 3 2 0 -3 -1 0 2 2 20 0 0 0 0
Tower 3 3 0 -3 1 0 2 2 20 0 0 0 0
Tower 3 4 0 -3 3 0 2 2 20 0 0 0 0
Tower 3 5 0 -3 5 0 2 2 20 0 0 0 0
Tower 4 1 0 -1 -3 0 2 2 20 0 0 0 0
Tower 4 2 0 -1 -1 0 2 2 20 0 0 0 0
Tower 4 3 0 -1 1 0 2 2 20 0 0 0 0
Tower 4 4 0 -1 3 0 2 2 20 0 0 0 0
Tower 4 5 0 -1 5 0 2 2 20 0 0 0 0
Tower 5 1 0 1 -3 0 2 2 20 0 0 0 0
Tower 5 2 0 1 -1 0 2 2 20 0 0 0 0
Tower 5 3 0 1 1 0 2 2 20 0 0 0 0
Tower 5 4 0 1 3 0 2 2 20 0 0 0 0
Tower 5 5 0 1 5 0 2 2 20 0 0 0 0
Tower 6 1 0 3 -3 0 2 2 20 0 0 0 0
Tower 6 2 0 3 -1 0 2 2 20 0 0 0 0
Tower 6 3 0 3 1 0 2 2 20 0 0 0 0
Tower 6 4 0 3 3 0 2 2 20 0 0 0 0
Tower 6 5 0 3 5 0 2 2 20 0 0 0 0
Tower 7 1 0 5 -3 0 2 2 20 0 0 0 0
Tower 7 2 0 5 -1 0 2 2 20 0 0 0 0
Tower 7 3 0 5 1 0 2 2 20 0 0 0 0
Tower 7 4 0 5 3 0 2 2 20 0 0 0 0
Tower 7 5 0 5 5 0 2 2 20 0 0 0 0
Tower 8 1 0 7 -3 0 2 2 20 0 0 0 0
Tower 8 2 0 7 -1 0 2 2 20 0 0 0 0
Tower 8 3 0 7 1 0 2 2 20 0 0 0 0
Tower 8 4 0 7 3 0 2 2 20 0 0 0 0
Tower 8 5 0 7 5 0 2 2 20 0 0 0 0
Tower 9 1 0 9 -3 0 2 2 20 0 0 0 0
Tower 9 2 0 9 -1 0 2 2 20 0 0 0 0
Tower 9 3 0 9 1 0 2 2 20 0 0 0 0
Tower 9 4 0 9 3 0 2 2 20 0 0 0 0
Tower 9 5 0 9 5 0 2 2 20 0 0 0 0
