#idx_j, #idx_k, idx_l, x[cm], y[cm], z[cm], alpha, beta, gamma, type
Bwd 0.		0	-3410    0 	
Tower 1 1 0 -7 -7 0 2 2 20 0 0 0 0
Tower 1 2 0 -7 -5 0 2 2 20 0 0 0 0
Tower 1 3 0 -7 -3 0 2 2 20 0 0 0 0
Tower 1 4 0 -7 -1 0 2 2 20 0 0 0 0
Tower 1 5 0 -7 1 0 2 2 20 0 0 0 0
Tower 1 6 0 -7 3 0 2 2 20 0 0 0 0
Tower 1 7 0 -7 5 0 2 2 20 0 0 0 0
Tower 1 8 0 -7 7 0 2 2 20 0 0 0 0
Tower 1 9 0 -7 9 0 2 2 20 0 0 0 0
Tower 2 1 0 -5 -7 0 2 2 20 0 0 0 0
Tower 2 2 0 -5 -5 0 2 2 20 0 0 0 0
Tower 2 3 0 -5 -3 0 2 2 20 0 0 0 0
Tower 2 4 0 -5 -1 0 2 2 20 0 0 0 0
Tower 2 5 0 -5 1 0 2 2 20 0 0 0 0
Tower 2 6 0 -5 3 0 2 2 20 0 0 0 0
Tower 2 7 0 -5 5 0 2 2 20 0 0 0 0
Tower 2 8 0 -5 7 0 2 2 20 0 0 0 0
Tower 2 9 0 -5 9 0 2 2 20 0 0 0 0
Tower 3 1 0 -3 -7 0 2 2 20 0 0 0 0
Tower 3 2 0 -3 -5 0 2 2 20 0 0 0 0
Tower 3 3 0 -3 -3 0 2 2 20 0 0 0 0
Tower 3 4 0 -3 -1 0 2 2 20 0 0 0 0
Tower 3 5 0 -3 1 0 2 2 20 0 0 0 0
Tower 3 6 0 -3 3 0 2 2 20 0 0 0 0
Tower 3 7 0 -3 5 0 2 2 20 0 0 0 0
Tower 3 8 0 -3 7 0 2 2 20 0 0 0 0
Tower 3 9 0 -3 9 0 2 2 20 0 0 0 0
Tower 4 1 0 -1 -7 0 2 2 20 0 0 0 0
Tower 4 2 0 -1 -5 0 2 2 20 0 0 0 0
Tower 4 3 0 -1 -3 0 2 2 20 0 0 0 0
Tower 4 4 0 -1 -1 0 2 2 20 0 0 0 0
Tower 4 5 0 -1 1 0 2 2 20 0 0 0 0
Tower 4 6 0 -1 3 0 2 2 20 0 0 0 0
Tower 4 7 0 -1 5 0 2 2 20 0 0 0 0
Tower 4 8 0 -1 7 0 2 2 20 0 0 0 0
Tower 4 9 0 -1 9 0 2 2 20 0 0 0 0
Tower 5 1 0 1 -7 0 2 2 20 0 0 0 0
Tower 5 2 0 1 -5 0 2 2 20 0 0 0 0
Tower 5 3 0 1 -3 0 2 2 20 0 0 0 0
Tower 5 4 0 1 -1 0 2 2 20 0 0 0 0
Tower 5 5 0 1 1 0 2 2 20 0 0 0 0
Tower 5 6 0 1 3 0 2 2 20 0 0 0 0
Tower 5 7 0 1 5 0 2 2 20 0 0 0 0
Tower 5 8 0 1 7 0 2 2 20 0 0 0 0
Tower 5 9 0 1 9 0 2 2 20 0 0 0 0
Tower 6 1 0 3 -7 0 2 2 20 0 0 0 0
Tower 6 2 0 3 -5 0 2 2 20 0 0 0 0
Tower 6 3 0 3 -3 0 2 2 20 0 0 0 0
Tower 6 4 0 3 -1 0 2 2 20 0 0 0 0
Tower 6 5 0 3 1 0 2 2 20 0 0 0 0
Tower 6 6 0 3 3 0 2 2 20 0 0 0 0
Tower 6 7 0 3 5 0 2 2 20 0 0 0 0
Tower 6 8 0 3 7 0 2 2 20 0 0 0 0
Tower 6 9 0 3 9 0 2 2 20 0 0 0 0
Tower 7 1 0 5 -7 0 2 2 20 0 0 0 0
Tower 7 2 0 5 -5 0 2 2 20 0 0 0 0
Tower 7 3 0 5 -3 0 2 2 20 0 0 0 0
Tower 7 4 0 5 -1 0 2 2 20 0 0 0 0
Tower 7 5 0 5 1 0 2 2 20 0 0 0 0
Tower 7 6 0 5 3 0 2 2 20 0 0 0 0
Tower 7 7 0 5 5 0 2 2 20 0 0 0 0
Tower 7 8 0 5 7 0 2 2 20 0 0 0 0
Tower 7 9 0 5 9 0 2 2 20 0 0 0 0
Tower 8 1 0 7 -7 0 2 2 20 0 0 0 0
Tower 8 2 0 7 -5 0 2 2 20 0 0 0 0
Tower 8 3 0 7 -3 0 2 2 20 0 0 0 0
Tower 8 4 0 7 -1 0 2 2 20 0 0 0 0
Tower 8 5 0 7 1 0 2 2 20 0 0 0 0
Tower 8 6 0 7 3 0 2 2 20 0 0 0 0
Tower 8 7 0 7 5 0 2 2 20 0 0 0 0
Tower 8 8 0 7 7 0 2 2 20 0 0 0 0
Tower 8 9 0 7 9 0 2 2 20 0 0 0 0
Tower 9 1 0 9 -7 0 2 2 20 0 0 0 0
Tower 9 2 0 9 -5 0 2 2 20 0 0 0 0
Tower 9 3 0 9 -3 0 2 2 20 0 0 0 0
Tower 9 4 0 9 -1 0 2 2 20 0 0 0 0
Tower 9 5 0 9 1 0 2 2 20 0 0 0 0
Tower 9 6 0 9 3 0 2 2 20 0 0 0 0
Tower 9 7 0 9 5 0 2 2 20 0 0 0 0
Tower 9 8 0 9 7 0 2 2 20 0 0 0 0
Tower 9 9 0 9 9 0 2 2 20 0 0 0 0
