#idx_j, #idx_k, idx_l, x[cm], y[cm], z[cm], alpha, beta, gamma, type
B0 -14.5779265	0	640    48 	
Tower 1 7 0 -19 -7 0 2 2 20 0 0 0 0
Tower 1 8 0 -19 -5 0 2 2 20 0 0 0 0
Tower 1 9 0 -19 -3 0 2 2 20 0 0 0 0
Tower 1 10 0 -19 -1 0 2 2 20 0 0 0 0
Tower 1 11 0 -19 1 0 2 2 20 0 0 0 0
Tower 1 12 0 -19 3 0 2 2 20 0 0 0 0
Tower 1 13 0 -19 5 0 2 2 20 0 0 0 0
Tower 1 14 0 -19 7 0 2 2 20 0 0 0 0
Tower 1 15 0 -19 9 0 2 2 20 0 0 0 0
Tower 2 5 0 -17 -11 0 2 2 20 0 0 0 0
Tower 2 6 0 -17 -9 0 2 2 20 0 0 0 0
Tower 2 7 0 -17 -7 0 2 2 20 0 0 0 0
Tower 2 8 0 -17 -5 0 2 2 20 0 0 0 0
Tower 2 9 0 -17 -3 0 2 2 20 0 0 0 0
Tower 2 10 0 -17 -1 0 2 2 20 0 0 0 0
Tower 2 11 0 -17 1 0 2 2 20 0 0 0 0
Tower 2 12 0 -17 3 0 2 2 20 0 0 0 0
Tower 2 13 0 -17 5 0 2 2 20 0 0 0 0
Tower 2 14 0 -17 7 0 2 2 20 0 0 0 0
Tower 2 15 0 -17 9 0 2 2 20 0 0 0 0
Tower 2 16 0 -17 11 0 2 2 20 0 0 0 0
Tower 3 4 0 -15 -13 0 2 2 20 0 0 0 0
Tower 3 5 0 -15 -11 0 2 2 20 0 0 0 0
Tower 3 6 0 -15 -9 0 2 2 20 0 0 0 0
Tower 3 7 0 -15 -7 0 2 2 20 0 0 0 0
Tower 3 8 0 -15 -5 0 2 2 20 0 0 0 0
Tower 3 9 0 -15 -3 0 2 2 20 0 0 0 0
Tower 3 10 0 -15 -1 0 2 2 20 0 0 0 0
Tower 3 11 0 -15 1 0 2 2 20 0 0 0 0
Tower 3 12 0 -15 3 0 2 2 20 0 0 0 0
Tower 3 13 0 -15 5 0 2 2 20 0 0 0 0
Tower 3 14 0 -15 7 0 2 2 20 0 0 0 0
Tower 3 15 0 -15 9 0 2 2 20 0 0 0 0
Tower 3 16 0 -15 11 0 2 2 20 0 0 0 0
Tower 3 17 0 -15 13 0 2 2 20 0 0 0 0
Tower 4 3 0 -13 -15 0 2 2 20 0 0 0 0
Tower 4 4 0 -13 -13 0 2 2 20 0 0 0 0
Tower 4 5 0 -13 -11 0 2 2 20 0 0 0 0
Tower 4 6 0 -13 -9 0 2 2 20 0 0 0 0
Tower 4 7 0 -13 -7 0 2 2 20 0 0 0 0
Tower 4 8 0 -13 -5 0 2 2 20 0 0 0 0
Tower 4 9 0 -13 -3 0 2 2 20 0 0 0 0
Tower 4 10 0 -13 -1 0 2 2 20 0 0 0 0
Tower 4 11 0 -13 1 0 2 2 20 0 0 0 0
Tower 4 12 0 -13 3 0 2 2 20 0 0 0 0
Tower 4 13 0 -13 5 0 2 2 20 0 0 0 0
Tower 4 14 0 -13 7 0 2 2 20 0 0 0 0
Tower 4 15 0 -13 9 0 2 2 20 0 0 0 0
Tower 4 16 0 -13 11 0 2 2 20 0 0 0 0
Tower 4 17 0 -13 13 0 2 2 20 0 0 0 0
Tower 4 18 0 -13 15 0 2 2 20 0 0 0 0
Tower 5 2 0 -11 -17 0 2 2 20 0 0 0 0
Tower 5 3 0 -11 -15 0 2 2 20 0 0 0 0
Tower 5 4 0 -11 -13 0 2 2 20 0 0 0 0
Tower 5 5 0 -11 -11 0 2 2 20 0 0 0 0
Tower 5 6 0 -11 -9 0 2 2 20 0 0 0 0
Tower 5 7 0 -11 -7 0 2 2 20 0 0 0 0
Tower 5 8 0 -11 -5 0 2 2 20 0 0 0 0
Tower 5 9 0 -11 -3 0 2 2 20 0 0 0 0
Tower 5 10 0 -11 -1 0 2 2 20 0 0 0 0
Tower 5 11 0 -11 1 0 2 2 20 0 0 0 0
Tower 5 12 0 -11 3 0 2 2 20 0 0 0 0
Tower 5 13 0 -11 5 0 2 2 20 0 0 0 0
Tower 5 14 0 -11 7 0 2 2 20 0 0 0 0
Tower 5 15 0 -11 9 0 2 2 20 0 0 0 0
Tower 5 16 0 -11 11 0 2 2 20 0 0 0 0
Tower 5 17 0 -11 13 0 2 2 20 0 0 0 0
Tower 5 18 0 -11 15 0 2 2 20 0 0 0 0
Tower 5 19 0 -11 17 0 2 2 20 0 0 0 0
Tower 6 1 0 -9 -19 0 2 2 20 0 0 0 0
Tower 6 2 0 -9 -17 0 2 2 20 0 0 0 0
Tower 6 3 0 -9 -15 0 2 2 20 0 0 0 0
Tower 6 4 0 -9 -13 0 2 2 20 0 0 0 0
Tower 6 5 0 -9 -11 0 2 2 20 0 0 0 0
Tower 6 6 0 -9 -9 0 2 2 20 0 0 0 0
Tower 6 7 0 -9 -7 0 2 2 20 0 0 0 0
Tower 6 8 0 -9 -5 0 2 2 20 0 0 0 0
Tower 6 9 0 -9 -3 0 2 2 20 0 0 0 0
Tower 6 10 0 -9 -1 0 2 2 20 0 0 0 0
Tower 6 11 0 -9 1 0 2 2 20 0 0 0 0
Tower 6 12 0 -9 3 0 2 2 20 0 0 0 0
Tower 6 13 0 -9 5 0 2 2 20 0 0 0 0
Tower 6 14 0 -9 7 0 2 2 20 0 0 0 0
Tower 6 15 0 -9 9 0 2 2 20 0 0 0 0
Tower 6 16 0 -9 11 0 2 2 20 0 0 0 0
Tower 6 17 0 -9 13 0 2 2 20 0 0 0 0
Tower 6 18 0 -9 15 0 2 2 20 0 0 0 0
Tower 6 19 0 -9 17 0 2 2 20 0 0 0 0
Tower 6 20 0 -9 19 0 2 2 20 0 0 0 0
Tower 7 1 0 -7 -19 0 2 2 20 0 0 0 0
Tower 7 2 0 -7 -17 0 2 2 20 0 0 0 0
Tower 7 3 0 -7 -15 0 2 2 20 0 0 0 0
Tower 7 4 0 -7 -13 0 2 2 20 0 0 0 0
Tower 7 5 0 -7 -11 0 2 2 20 0 0 0 0
Tower 7 6 0 -7 -9 0 2 2 20 0 0 0 0
Tower 7 7 0 -7 -7 0 2 2 20 0 0 0 0
Tower 7 8 0 -7 -5 0 2 2 20 0 0 0 0
Tower 7 9 0 -7 -3 0 2 2 20 0 0 0 0
Tower 7 10 0 -7 -1 0 2 2 20 0 0 0 0
Tower 7 11 0 -7 1 0 2 2 20 0 0 0 0
Tower 7 12 0 -7 3 0 2 2 20 0 0 0 0
Tower 7 13 0 -7 5 0 2 2 20 0 0 0 0
Tower 7 14 0 -7 7 0 2 2 20 0 0 0 0
Tower 7 15 0 -7 9 0 2 2 20 0 0 0 0
Tower 7 16 0 -7 11 0 2 2 20 0 0 0 0
Tower 7 17 0 -7 13 0 2 2 20 0 0 0 0
Tower 7 18 0 -7 15 0 2 2 20 0 0 0 0
Tower 7 19 0 -7 17 0 2 2 20 0 0 0 0
Tower 7 20 0 -7 19 0 2 2 20 0 0 0 0
Tower 8 1 0 -5 -19 0 2 2 20 0 0 0 0
Tower 8 2 0 -5 -17 0 2 2 20 0 0 0 0
Tower 8 3 0 -5 -15 0 2 2 20 0 0 0 0
Tower 8 4 0 -5 -13 0 2 2 20 0 0 0 0
Tower 8 5 0 -5 -11 0 2 2 20 0 0 0 0
Tower 8 6 0 -5 -9 0 2 2 20 0 0 0 0
Tower 8 7 0 -5 -7 0 2 2 20 0 0 0 0
Tower 8 8 0 -5 -5 0 2 2 20 0 0 0 0
Tower 8 13 0 -5 5 0 2 2 20 0 0 0 0
Tower 8 14 0 -5 7 0 2 2 20 0 0 0 0
Tower 8 15 0 -5 9 0 2 2 20 0 0 0 0
Tower 8 16 0 -5 11 0 2 2 20 0 0 0 0
Tower 8 17 0 -5 13 0 2 2 20 0 0 0 0
Tower 8 18 0 -5 15 0 2 2 20 0 0 0 0
Tower 8 19 0 -5 17 0 2 2 20 0 0 0 0
Tower 8 20 0 -5 19 0 2 2 20 0 0 0 0
Tower 9 1 0 -3 -19 0 2 2 20 0 0 0 0
Tower 9 2 0 -3 -17 0 2 2 20 0 0 0 0
Tower 9 3 0 -3 -15 0 2 2 20 0 0 0 0
Tower 9 4 0 -3 -13 0 2 2 20 0 0 0 0
Tower 9 5 0 -3 -11 0 2 2 20 0 0 0 0
Tower 9 6 0 -3 -9 0 2 2 20 0 0 0 0
Tower 9 7 0 -3 -7 0 2 2 20 0 0 0 0
Tower 9 8 0 -3 -5 0 2 2 20 0 0 0 0
Tower 9 13 0 -3 5 0 2 2 20 0 0 0 0
Tower 9 14 0 -3 7 0 2 2 20 0 0 0 0
Tower 9 15 0 -3 9 0 2 2 20 0 0 0 0
Tower 9 16 0 -3 11 0 2 2 20 0 0 0 0
Tower 9 17 0 -3 13 0 2 2 20 0 0 0 0
Tower 9 18 0 -3 15 0 2 2 20 0 0 0 0
Tower 9 19 0 -3 17 0 2 2 20 0 0 0 0
Tower 9 20 0 -3 19 0 2 2 20 0 0 0 0
Tower 10 1 0 -1 -19 0 2 2 20 0 0 0 0
Tower 10 2 0 -1 -17 0 2 2 20 0 0 0 0
Tower 10 3 0 -1 -15 0 2 2 20 0 0 0 0
Tower 10 4 0 -1 -13 0 2 2 20 0 0 0 0
Tower 10 5 0 -1 -11 0 2 2 20 0 0 0 0
Tower 10 6 0 -1 -9 0 2 2 20 0 0 0 0
Tower 10 7 0 -1 -7 0 2 2 20 0 0 0 0
Tower 10 8 0 -1 -5 0 2 2 20 0 0 0 0
Tower 10 9 0 -1 -3 0 2 2 20 0 0 0 0
Tower 10 12 0 -1 3 0 2 2 20 0 0 0 0
Tower 10 13 0 -1 5 0 2 2 20 0 0 0 0
Tower 10 14 0 -1 7 0 2 2 20 0 0 0 0
Tower 10 15 0 -1 9 0 2 2 20 0 0 0 0
Tower 10 16 0 -1 11 0 2 2 20 0 0 0 0
Tower 10 17 0 -1 13 0 2 2 20 0 0 0 0
Tower 10 18 0 -1 15 0 2 2 20 0 0 0 0
Tower 10 19 0 -1 17 0 2 2 20 0 0 0 0
Tower 10 20 0 -1 19 0 2 2 20 0 0 0 0
Tower 11 1 0 1 -19 0 2 2 20 0 0 0 0
Tower 11 2 0 1 -17 0 2 2 20 0 0 0 0
Tower 11 3 0 1 -15 0 2 2 20 0 0 0 0
Tower 11 4 0 1 -13 0 2 2 20 0 0 0 0
Tower 11 5 0 1 -11 0 2 2 20 0 0 0 0
Tower 11 6 0 1 -9 0 2 2 20 0 0 0 0
Tower 11 7 0 1 -7 0 2 2 20 0 0 0 0
Tower 11 8 0 1 -5 0 2 2 20 0 0 0 0
Tower 11 9 0 1 -3 0 2 2 20 0 0 0 0
Tower 11 10 0 1 -1 0 2 2 20 0 0 0 0
Tower 11 11 0 1 1 0 2 2 20 0 0 0 0
Tower 11 12 0 1 3 0 2 2 20 0 0 0 0
Tower 11 13 0 1 5 0 2 2 20 0 0 0 0
Tower 11 14 0 1 7 0 2 2 20 0 0 0 0
Tower 11 15 0 1 9 0 2 2 20 0 0 0 0
Tower 11 16 0 1 11 0 2 2 20 0 0 0 0
Tower 11 17 0 1 13 0 2 2 20 0 0 0 0
Tower 11 18 0 1 15 0 2 2 20 0 0 0 0
Tower 11 19 0 1 17 0 2 2 20 0 0 0 0
Tower 11 20 0 1 19 0 2 2 20 0 0 0 0
Tower 12 1 0 3 -19 0 2 2 20 0 0 0 0
Tower 12 2 0 3 -17 0 2 2 20 0 0 0 0
Tower 12 3 0 3 -15 0 2 2 20 0 0 0 0
Tower 12 4 0 3 -13 0 2 2 20 0 0 0 0
Tower 12 5 0 3 -11 0 2 2 20 0 0 0 0
Tower 12 6 0 3 -9 0 2 2 20 0 0 0 0
Tower 12 7 0 3 -7 0 2 2 20 0 0 0 0
Tower 12 8 0 3 -5 0 2 2 20 0 0 0 0
Tower 12 9 0 3 -3 0 2 2 20 0 0 0 0
Tower 12 10 0 3 -1 0 2 2 20 0 0 0 0
Tower 12 11 0 3 1 0 2 2 20 0 0 0 0
Tower 12 12 0 3 3 0 2 2 20 0 0 0 0
Tower 12 13 0 3 5 0 2 2 20 0 0 0 0
Tower 12 14 0 3 7 0 2 2 20 0 0 0 0
Tower 12 15 0 3 9 0 2 2 20 0 0 0 0
Tower 12 16 0 3 11 0 2 2 20 0 0 0 0
Tower 12 17 0 3 13 0 2 2 20 0 0 0 0
Tower 12 18 0 3 15 0 2 2 20 0 0 0 0
Tower 12 19 0 3 17 0 2 2 20 0 0 0 0
Tower 12 20 0 3 19 0 2 2 20 0 0 0 0
Tower 13 1 0 5 -19 0 2 2 20 0 0 0 0
Tower 13 2 0 5 -17 0 2 2 20 0 0 0 0
Tower 13 3 0 5 -15 0 2 2 20 0 0 0 0
Tower 13 4 0 5 -13 0 2 2 20 0 0 0 0
Tower 13 5 0 5 -11 0 2 2 20 0 0 0 0
Tower 13 6 0 5 -9 0 2 2 20 0 0 0 0
Tower 13 7 0 5 -7 0 2 2 20 0 0 0 0
Tower 13 8 0 5 -5 0 2 2 20 0 0 0 0
Tower 13 9 0 5 -3 0 2 2 20 0 0 0 0
Tower 13 10 0 5 -1 0 2 2 20 0 0 0 0
Tower 13 11 0 5 1 0 2 2 20 0 0 0 0
Tower 13 12 0 5 3 0 2 2 20 0 0 0 0
Tower 13 13 0 5 5 0 2 2 20 0 0 0 0
Tower 13 14 0 5 7 0 2 2 20 0 0 0 0
Tower 13 15 0 5 9 0 2 2 20 0 0 0 0
Tower 13 16 0 5 11 0 2 2 20 0 0 0 0
Tower 13 17 0 5 13 0 2 2 20 0 0 0 0
Tower 13 18 0 5 15 0 2 2 20 0 0 0 0
Tower 13 19 0 5 17 0 2 2 20 0 0 0 0
Tower 13 20 0 5 19 0 2 2 20 0 0 0 0
Tower 14 1 0 7 -19 0 2 2 20 0 0 0 0
Tower 14 2 0 7 -17 0 2 2 20 0 0 0 0
Tower 14 3 0 7 -15 0 2 2 20 0 0 0 0
Tower 14 4 0 7 -13 0 2 2 20 0 0 0 0
Tower 14 5 0 7 -11 0 2 2 20 0 0 0 0
Tower 14 6 0 7 -9 0 2 2 20 0 0 0 0
Tower 14 7 0 7 -7 0 2 2 20 0 0 0 0
Tower 14 8 0 7 -5 0 2 2 20 0 0 0 0
Tower 14 9 0 7 -3 0 2 2 20 0 0 0 0
Tower 14 10 0 7 -1 0 2 2 20 0 0 0 0
Tower 14 11 0 7 1 0 2 2 20 0 0 0 0
Tower 14 12 0 7 3 0 2 2 20 0 0 0 0
Tower 14 13 0 7 5 0 2 2 20 0 0 0 0
Tower 14 14 0 7 7 0 2 2 20 0 0 0 0
Tower 14 15 0 7 9 0 2 2 20 0 0 0 0
Tower 14 16 0 7 11 0 2 2 20 0 0 0 0
Tower 14 17 0 7 13 0 2 2 20 0 0 0 0
Tower 14 18 0 7 15 0 2 2 20 0 0 0 0
Tower 14 19 0 7 17 0 2 2 20 0 0 0 0
Tower 14 20 0 7 19 0 2 2 20 0 0 0 0
Tower 15 1 0 9 -19 0 2 2 20 0 0 0 0
Tower 15 2 0 9 -17 0 2 2 20 0 0 0 0
Tower 15 3 0 9 -15 0 2 2 20 0 0 0 0
Tower 15 4 0 9 -13 0 2 2 20 0 0 0 0
Tower 15 5 0 9 -11 0 2 2 20 0 0 0 0
Tower 15 6 0 9 -9 0 2 2 20 0 0 0 0
Tower 15 7 0 9 -7 0 2 2 20 0 0 0 0
Tower 15 8 0 9 -5 0 2 2 20 0 0 0 0
Tower 15 9 0 9 -3 0 2 2 20 0 0 0 0
Tower 15 10 0 9 -1 0 2 2 20 0 0 0 0
Tower 15 11 0 9 1 0 2 2 20 0 0 0 0
Tower 15 12 0 9 3 0 2 2 20 0 0 0 0
Tower 15 13 0 9 5 0 2 2 20 0 0 0 0
Tower 15 14 0 9 7 0 2 2 20 0 0 0 0
Tower 15 15 0 9 9 0 2 2 20 0 0 0 0
Tower 15 16 0 9 11 0 2 2 20 0 0 0 0
Tower 15 17 0 9 13 0 2 2 20 0 0 0 0
Tower 15 18 0 9 15 0 2 2 20 0 0 0 0
Tower 15 19 0 9 17 0 2 2 20 0 0 0 0
Tower 15 20 0 9 19 0 2 2 20 0 0 0 0
Tower 16 2 0 11 -17 0 2 2 20 0 0 0 0
Tower 16 6 0 11 -9 0 2 2 20 0 0 0 0
Tower 16 7 0 11 -7 0 2 2 20 0 0 0 0
Tower 16 8 0 11 -5 0 2 2 20 0 0 0 0
Tower 16 9 0 11 -3 0 2 2 20 0 0 0 0
Tower 16 10 0 11 -1 0 2 2 20 0 0 0 0
Tower 16 11 0 11 1 0 2 2 20 0 0 0 0
Tower 16 12 0 11 3 0 2 2 20 0 0 0 0
Tower 16 13 0 11 5 0 2 2 20 0 0 0 0
Tower 16 14 0 11 7 0 2 2 20 0 0 0 0
Tower 16 15 0 11 9 0 2 2 20 0 0 0 0
Tower 16 19 0 11 17 0 2 2 20 0 0 0 0
Tower 17 8 0 13 -5 0 2 2 20 0 0 0 0
Tower 17 9 0 13 -3 0 2 2 20 0 0 0 0
Tower 17 10 0 13 -1 0 2 2 20 0 0 0 0
Tower 17 11 0 13 1 0 2 2 20 0 0 0 0
Tower 17 12 0 13 3 0 2 2 20 0 0 0 0
Tower 17 13 0 13 5 0 2 2 20 0 0 0 0
