Gtype 1
Gr1_inner 84
Gr1_outer 132
Gr2_inner 84
Gr2_outer 132
Gdz 40
Gx0 0
Gy0 0
Gz0 0
Grot_x 0
Grot_y 0
Grot_z 0
Gcrystal_dx 3.8
Gcrystal_dy 3.8
Gcrystal_dz 40
Gcarbon_gap 0.1
Gair_gap 0
Gmaterial 7.5
Gcolor_R 1
Gcolor_G 0
Gcolor_B 0
#Tower: type, idx_j, idx_k, idx_l, x[cm], y[cm], z[cm], dx[cm], dy[cm], dz[cm], rot_x, rot_y, rot_z
Tower 0 0 27 0 -130 -22 -260 3.8 3.8 40 0 0 0
Tower 0 0 28 0 -130 -18 -260 3.8 3.8 40 0 0 0
Tower 0 0 29 0 -130 -14 -260 3.8 3.8 40 0 0 0
Tower 0 0 30 0 -130 -10 -260 3.8 3.8 40 0 0 0
Tower 0 0 31 0 -130 -6 -260 3.8 3.8 40 0 0 0
Tower 0 0 32 0 -130 -2 -260 3.8 3.8 40 0 0 0
Tower 0 0 33 0 -130 2 -260 3.8 3.8 40 0 0 0
Tower 0 0 34 0 -130 6 -260 3.8 3.8 40 0 0 0
Tower 0 0 35 0 -130 10 -260 3.8 3.8 40 0 0 0
Tower 0 0 36 0 -130 14 -260 3.8 3.8 40 0 0 0
Tower 0 0 37 0 -130 18 -260 3.8 3.8 40 0 0 0
Tower 0 0 38 0 -130 22 -260 3.8 3.8 40 0 0 0
Tower 0 1 23 0 -126 -38 -260 3.8 3.8 40 0 0 0
Tower 0 1 24 0 -126 -34 -260 3.8 3.8 40 0 0 0
Tower 0 1 25 0 -126 -30 -260 3.8 3.8 40 0 0 0
Tower 0 1 26 0 -126 -26 -260 3.8 3.8 40 0 0 0
Tower 0 1 27 0 -126 -22 -260 3.8 3.8 40 0 0 0
Tower 0 1 28 0 -126 -18 -260 3.8 3.8 40 0 0 0
Tower 0 1 29 0 -126 -14 -260 3.8 3.8 40 0 0 0
Tower 0 1 30 0 -126 -10 -260 3.8 3.8 40 0 0 0
Tower 0 1 31 0 -126 -6 -260 3.8 3.8 40 0 0 0
Tower 0 1 32 0 -126 -2 -260 3.8 3.8 40 0 0 0
Tower 0 1 33 0 -126 2 -260 3.8 3.8 40 0 0 0
Tower 0 1 34 0 -126 6 -260 3.8 3.8 40 0 0 0
Tower 0 1 35 0 -126 10 -260 3.8 3.8 40 0 0 0
Tower 0 1 36 0 -126 14 -260 3.8 3.8 40 0 0 0
Tower 0 1 37 0 -126 18 -260 3.8 3.8 40 0 0 0
Tower 0 1 38 0 -126 22 -260 3.8 3.8 40 0 0 0
Tower 0 1 39 0 -126 26 -260 3.8 3.8 40 0 0 0
Tower 0 1 40 0 -126 30 -260 3.8 3.8 40 0 0 0
Tower 0 1 41 0 -126 34 -260 3.8 3.8 40 0 0 0
Tower 0 1 42 0 -126 38 -260 3.8 3.8 40 0 0 0
Tower 0 2 20 0 -122 -50 -260 3.8 3.8 40 0 0 0
Tower 0 2 21 0 -122 -46 -260 3.8 3.8 40 0 0 0
Tower 0 2 22 0 -122 -42 -260 3.8 3.8 40 0 0 0
Tower 0 2 23 0 -122 -38 -260 3.8 3.8 40 0 0 0
Tower 0 2 24 0 -122 -34 -260 3.8 3.8 40 0 0 0
Tower 0 2 25 0 -122 -30 -260 3.8 3.8 40 0 0 0
Tower 0 2 26 0 -122 -26 -260 3.8 3.8 40 0 0 0
Tower 0 2 27 0 -122 -22 -260 3.8 3.8 40 0 0 0
Tower 0 2 28 0 -122 -18 -260 3.8 3.8 40 0 0 0
Tower 0 2 29 0 -122 -14 -260 3.8 3.8 40 0 0 0
Tower 0 2 30 0 -122 -10 -260 3.8 3.8 40 0 0 0
Tower 0 2 31 0 -122 -6 -260 3.8 3.8 40 0 0 0
Tower 0 2 32 0 -122 -2 -260 3.8 3.8 40 0 0 0
Tower 0 2 33 0 -122 2 -260 3.8 3.8 40 0 0 0
Tower 0 2 34 0 -122 6 -260 3.8 3.8 40 0 0 0
Tower 0 2 35 0 -122 10 -260 3.8 3.8 40 0 0 0
Tower 0 2 36 0 -122 14 -260 3.8 3.8 40 0 0 0
Tower 0 2 37 0 -122 18 -260 3.8 3.8 40 0 0 0
Tower 0 2 38 0 -122 22 -260 3.8 3.8 40 0 0 0
Tower 0 2 39 0 -122 26 -260 3.8 3.8 40 0 0 0
Tower 0 2 40 0 -122 30 -260 3.8 3.8 40 0 0 0
Tower 0 2 41 0 -122 34 -260 3.8 3.8 40 0 0 0
Tower 0 2 42 0 -122 38 -260 3.8 3.8 40 0 0 0
Tower 0 2 43 0 -122 42 -260 3.8 3.8 40 0 0 0
Tower 0 2 44 0 -122 46 -260 3.8 3.8 40 0 0 0
Tower 0 2 45 0 -122 50 -260 3.8 3.8 40 0 0 0
Tower 0 3 18 0 -118 -58 -260 3.8 3.8 40 0 0 0
Tower 0 3 19 0 -118 -54 -260 3.8 3.8 40 0 0 0
Tower 0 3 20 0 -118 -50 -260 3.8 3.8 40 0 0 0
Tower 0 3 21 0 -118 -46 -260 3.8 3.8 40 0 0 0
Tower 0 3 22 0 -118 -42 -260 3.8 3.8 40 0 0 0
Tower 0 3 23 0 -118 -38 -260 3.8 3.8 40 0 0 0
Tower 0 3 24 0 -118 -34 -260 3.8 3.8 40 0 0 0
Tower 0 3 25 0 -118 -30 -260 3.8 3.8 40 0 0 0
Tower 0 3 26 0 -118 -26 -260 3.8 3.8 40 0 0 0
Tower 0 3 27 0 -118 -22 -260 3.8 3.8 40 0 0 0
Tower 0 3 28 0 -118 -18 -260 3.8 3.8 40 0 0 0
Tower 0 3 29 0 -118 -14 -260 3.8 3.8 40 0 0 0
Tower 0 3 30 0 -118 -10 -260 3.8 3.8 40 0 0 0
Tower 0 3 31 0 -118 -6 -260 3.8 3.8 40 0 0 0
Tower 0 3 32 0 -118 -2 -260 3.8 3.8 40 0 0 0
Tower 0 3 33 0 -118 2 -260 3.8 3.8 40 0 0 0
Tower 0 3 34 0 -118 6 -260 3.8 3.8 40 0 0 0
Tower 0 3 35 0 -118 10 -260 3.8 3.8 40 0 0 0
Tower 0 3 36 0 -118 14 -260 3.8 3.8 40 0 0 0
Tower 0 3 37 0 -118 18 -260 3.8 3.8 40 0 0 0
Tower 0 3 38 0 -118 22 -260 3.8 3.8 40 0 0 0
Tower 0 3 39 0 -118 26 -260 3.8 3.8 40 0 0 0
Tower 0 3 40 0 -118 30 -260 3.8 3.8 40 0 0 0
Tower 0 3 41 0 -118 34 -260 3.8 3.8 40 0 0 0
Tower 0 3 42 0 -118 38 -260 3.8 3.8 40 0 0 0
Tower 0 3 43 0 -118 42 -260 3.8 3.8 40 0 0 0
Tower 0 3 44 0 -118 46 -260 3.8 3.8 40 0 0 0
Tower 0 3 45 0 -118 50 -260 3.8 3.8 40 0 0 0
Tower 0 3 46 0 -118 54 -260 3.8 3.8 40 0 0 0
Tower 0 3 47 0 -118 58 -260 3.8 3.8 40 0 0 0
Tower 0 4 16 0 -114 -66 -260 3.8 3.8 40 0 0 0
Tower 0 4 17 0 -114 -62 -260 3.8 3.8 40 0 0 0
Tower 0 4 18 0 -114 -58 -260 3.8 3.8 40 0 0 0
Tower 0 4 19 0 -114 -54 -260 3.8 3.8 40 0 0 0
Tower 0 4 20 0 -114 -50 -260 3.8 3.8 40 0 0 0
Tower 0 4 21 0 -114 -46 -260 3.8 3.8 40 0 0 0
Tower 0 4 22 0 -114 -42 -260 3.8 3.8 40 0 0 0
Tower 0 4 23 0 -114 -38 -260 3.8 3.8 40 0 0 0
Tower 0 4 24 0 -114 -34 -260 3.8 3.8 40 0 0 0
Tower 0 4 25 0 -114 -30 -260 3.8 3.8 40 0 0 0
Tower 0 4 26 0 -114 -26 -260 3.8 3.8 40 0 0 0
Tower 0 4 27 0 -114 -22 -260 3.8 3.8 40 0 0 0
Tower 0 4 28 0 -114 -18 -260 3.8 3.8 40 0 0 0
Tower 0 4 29 0 -114 -14 -260 3.8 3.8 40 0 0 0
Tower 0 4 30 0 -114 -10 -260 3.8 3.8 40 0 0 0
Tower 0 4 31 0 -114 -6 -260 3.8 3.8 40 0 0 0
Tower 0 4 32 0 -114 -2 -260 3.8 3.8 40 0 0 0
Tower 0 4 33 0 -114 2 -260 3.8 3.8 40 0 0 0
Tower 0 4 34 0 -114 6 -260 3.8 3.8 40 0 0 0
Tower 0 4 35 0 -114 10 -260 3.8 3.8 40 0 0 0
Tower 0 4 36 0 -114 14 -260 3.8 3.8 40 0 0 0
Tower 0 4 37 0 -114 18 -260 3.8 3.8 40 0 0 0
Tower 0 4 38 0 -114 22 -260 3.8 3.8 40 0 0 0
Tower 0 4 39 0 -114 26 -260 3.8 3.8 40 0 0 0
Tower 0 4 40 0 -114 30 -260 3.8 3.8 40 0 0 0
Tower 0 4 41 0 -114 34 -260 3.8 3.8 40 0 0 0
Tower 0 4 42 0 -114 38 -260 3.8 3.8 40 0 0 0
Tower 0 4 43 0 -114 42 -260 3.8 3.8 40 0 0 0
Tower 0 4 44 0 -114 46 -260 3.8 3.8 40 0 0 0
Tower 0 4 45 0 -114 50 -260 3.8 3.8 40 0 0 0
Tower 0 4 46 0 -114 54 -260 3.8 3.8 40 0 0 0
Tower 0 4 47 0 -114 58 -260 3.8 3.8 40 0 0 0
Tower 0 4 48 0 -114 62 -260 3.8 3.8 40 0 0 0
Tower 0 4 49 0 -114 66 -260 3.8 3.8 40 0 0 0
Tower 0 5 15 0 -110 -70 -260 3.8 3.8 40 0 0 0
Tower 0 5 16 0 -110 -66 -260 3.8 3.8 40 0 0 0
Tower 0 5 17 0 -110 -62 -260 3.8 3.8 40 0 0 0
Tower 0 5 18 0 -110 -58 -260 3.8 3.8 40 0 0 0
Tower 0 5 19 0 -110 -54 -260 3.8 3.8 40 0 0 0
Tower 0 5 20 0 -110 -50 -260 3.8 3.8 40 0 0 0
Tower 0 5 21 0 -110 -46 -260 3.8 3.8 40 0 0 0
Tower 0 5 22 0 -110 -42 -260 3.8 3.8 40 0 0 0
Tower 0 5 23 0 -110 -38 -260 3.8 3.8 40 0 0 0
Tower 0 5 24 0 -110 -34 -260 3.8 3.8 40 0 0 0
Tower 0 5 25 0 -110 -30 -260 3.8 3.8 40 0 0 0
Tower 0 5 26 0 -110 -26 -260 3.8 3.8 40 0 0 0
Tower 0 5 27 0 -110 -22 -260 3.8 3.8 40 0 0 0
Tower 0 5 28 0 -110 -18 -260 3.8 3.8 40 0 0 0
Tower 0 5 29 0 -110 -14 -260 3.8 3.8 40 0 0 0
Tower 0 5 30 0 -110 -10 -260 3.8 3.8 40 0 0 0
Tower 0 5 31 0 -110 -6 -260 3.8 3.8 40 0 0 0
Tower 0 5 32 0 -110 -2 -260 3.8 3.8 40 0 0 0
Tower 0 5 33 0 -110 2 -260 3.8 3.8 40 0 0 0
Tower 0 5 34 0 -110 6 -260 3.8 3.8 40 0 0 0
Tower 0 5 35 0 -110 10 -260 3.8 3.8 40 0 0 0
Tower 0 5 36 0 -110 14 -260 3.8 3.8 40 0 0 0
Tower 0 5 37 0 -110 18 -260 3.8 3.8 40 0 0 0
Tower 0 5 38 0 -110 22 -260 3.8 3.8 40 0 0 0
Tower 0 5 39 0 -110 26 -260 3.8 3.8 40 0 0 0
Tower 0 5 40 0 -110 30 -260 3.8 3.8 40 0 0 0
Tower 0 5 41 0 -110 34 -260 3.8 3.8 40 0 0 0
Tower 0 5 42 0 -110 38 -260 3.8 3.8 40 0 0 0
Tower 0 5 43 0 -110 42 -260 3.8 3.8 40 0 0 0
Tower 0 5 44 0 -110 46 -260 3.8 3.8 40 0 0 0
Tower 0 5 45 0 -110 50 -260 3.8 3.8 40 0 0 0
Tower 0 5 46 0 -110 54 -260 3.8 3.8 40 0 0 0
Tower 0 5 47 0 -110 58 -260 3.8 3.8 40 0 0 0
Tower 0 5 48 0 -110 62 -260 3.8 3.8 40 0 0 0
Tower 0 5 49 0 -110 66 -260 3.8 3.8 40 0 0 0
Tower 0 5 50 0 -110 70 -260 3.8 3.8 40 0 0 0
Tower 0 6 13 0 -106 -78 -260 3.8 3.8 40 0 0 0
Tower 0 6 14 0 -106 -74 -260 3.8 3.8 40 0 0 0
Tower 0 6 15 0 -106 -70 -260 3.8 3.8 40 0 0 0
Tower 0 6 16 0 -106 -66 -260 3.8 3.8 40 0 0 0
Tower 0 6 17 0 -106 -62 -260 3.8 3.8 40 0 0 0
Tower 0 6 18 0 -106 -58 -260 3.8 3.8 40 0 0 0
Tower 0 6 19 0 -106 -54 -260 3.8 3.8 40 0 0 0
Tower 0 6 20 0 -106 -50 -260 3.8 3.8 40 0 0 0
Tower 0 6 21 0 -106 -46 -260 3.8 3.8 40 0 0 0
Tower 0 6 22 0 -106 -42 -260 3.8 3.8 40 0 0 0
Tower 0 6 23 0 -106 -38 -260 3.8 3.8 40 0 0 0
Tower 0 6 24 0 -106 -34 -260 3.8 3.8 40 0 0 0
Tower 0 6 25 0 -106 -30 -260 3.8 3.8 40 0 0 0
Tower 0 6 26 0 -106 -26 -260 3.8 3.8 40 0 0 0
Tower 0 6 27 0 -106 -22 -260 3.8 3.8 40 0 0 0
Tower 0 6 28 0 -106 -18 -260 3.8 3.8 40 0 0 0
Tower 0 6 29 0 -106 -14 -260 3.8 3.8 40 0 0 0
Tower 0 6 30 0 -106 -10 -260 3.8 3.8 40 0 0 0
Tower 0 6 31 0 -106 -6 -260 3.8 3.8 40 0 0 0
Tower 0 6 32 0 -106 -2 -260 3.8 3.8 40 0 0 0
Tower 0 6 33 0 -106 2 -260 3.8 3.8 40 0 0 0
Tower 0 6 34 0 -106 6 -260 3.8 3.8 40 0 0 0
Tower 0 6 35 0 -106 10 -260 3.8 3.8 40 0 0 0
Tower 0 6 36 0 -106 14 -260 3.8 3.8 40 0 0 0
Tower 0 6 37 0 -106 18 -260 3.8 3.8 40 0 0 0
Tower 0 6 38 0 -106 22 -260 3.8 3.8 40 0 0 0
Tower 0 6 39 0 -106 26 -260 3.8 3.8 40 0 0 0
Tower 0 6 40 0 -106 30 -260 3.8 3.8 40 0 0 0
Tower 0 6 41 0 -106 34 -260 3.8 3.8 40 0 0 0
Tower 0 6 42 0 -106 38 -260 3.8 3.8 40 0 0 0
Tower 0 6 43 0 -106 42 -260 3.8 3.8 40 0 0 0
Tower 0 6 44 0 -106 46 -260 3.8 3.8 40 0 0 0
Tower 0 6 45 0 -106 50 -260 3.8 3.8 40 0 0 0
Tower 0 6 46 0 -106 54 -260 3.8 3.8 40 0 0 0
Tower 0 6 47 0 -106 58 -260 3.8 3.8 40 0 0 0
Tower 0 6 48 0 -106 62 -260 3.8 3.8 40 0 0 0
Tower 0 6 49 0 -106 66 -260 3.8 3.8 40 0 0 0
Tower 0 6 50 0 -106 70 -260 3.8 3.8 40 0 0 0
Tower 0 6 51 0 -106 74 -260 3.8 3.8 40 0 0 0
Tower 0 6 52 0 -106 78 -260 3.8 3.8 40 0 0 0
Tower 0 7 12 0 -102 -82 -260 3.8 3.8 40 0 0 0
Tower 0 7 13 0 -102 -78 -260 3.8 3.8 40 0 0 0
Tower 0 7 14 0 -102 -74 -260 3.8 3.8 40 0 0 0
Tower 0 7 15 0 -102 -70 -260 3.8 3.8 40 0 0 0
Tower 0 7 16 0 -102 -66 -260 3.8 3.8 40 0 0 0
Tower 0 7 17 0 -102 -62 -260 3.8 3.8 40 0 0 0
Tower 0 7 18 0 -102 -58 -260 3.8 3.8 40 0 0 0
Tower 0 7 19 0 -102 -54 -260 3.8 3.8 40 0 0 0
Tower 0 7 20 0 -102 -50 -260 3.8 3.8 40 0 0 0
Tower 0 7 21 0 -102 -46 -260 3.8 3.8 40 0 0 0
Tower 0 7 22 0 -102 -42 -260 3.8 3.8 40 0 0 0
Tower 0 7 23 0 -102 -38 -260 3.8 3.8 40 0 0 0
Tower 0 7 24 0 -102 -34 -260 3.8 3.8 40 0 0 0
Tower 0 7 25 0 -102 -30 -260 3.8 3.8 40 0 0 0
Tower 0 7 26 0 -102 -26 -260 3.8 3.8 40 0 0 0
Tower 0 7 27 0 -102 -22 -260 3.8 3.8 40 0 0 0
Tower 0 7 28 0 -102 -18 -260 3.8 3.8 40 0 0 0
Tower 0 7 29 0 -102 -14 -260 3.8 3.8 40 0 0 0
Tower 0 7 30 0 -102 -10 -260 3.8 3.8 40 0 0 0
Tower 0 7 31 0 -102 -6 -260 3.8 3.8 40 0 0 0
Tower 0 7 32 0 -102 -2 -260 3.8 3.8 40 0 0 0
Tower 0 7 33 0 -102 2 -260 3.8 3.8 40 0 0 0
Tower 0 7 34 0 -102 6 -260 3.8 3.8 40 0 0 0
Tower 0 7 35 0 -102 10 -260 3.8 3.8 40 0 0 0
Tower 0 7 36 0 -102 14 -260 3.8 3.8 40 0 0 0
Tower 0 7 37 0 -102 18 -260 3.8 3.8 40 0 0 0
Tower 0 7 38 0 -102 22 -260 3.8 3.8 40 0 0 0
Tower 0 7 39 0 -102 26 -260 3.8 3.8 40 0 0 0
Tower 0 7 40 0 -102 30 -260 3.8 3.8 40 0 0 0
Tower 0 7 41 0 -102 34 -260 3.8 3.8 40 0 0 0
Tower 0 7 42 0 -102 38 -260 3.8 3.8 40 0 0 0
Tower 0 7 43 0 -102 42 -260 3.8 3.8 40 0 0 0
Tower 0 7 44 0 -102 46 -260 3.8 3.8 40 0 0 0
Tower 0 7 45 0 -102 50 -260 3.8 3.8 40 0 0 0
Tower 0 7 46 0 -102 54 -260 3.8 3.8 40 0 0 0
Tower 0 7 47 0 -102 58 -260 3.8 3.8 40 0 0 0
Tower 0 7 48 0 -102 62 -260 3.8 3.8 40 0 0 0
Tower 0 7 49 0 -102 66 -260 3.8 3.8 40 0 0 0
Tower 0 7 50 0 -102 70 -260 3.8 3.8 40 0 0 0
Tower 0 7 51 0 -102 74 -260 3.8 3.8 40 0 0 0
Tower 0 7 52 0 -102 78 -260 3.8 3.8 40 0 0 0
Tower 0 7 53 0 -102 82 -260 3.8 3.8 40 0 0 0
Tower 0 8 11 0 -98 -86 -260 3.8 3.8 40 0 0 0
Tower 0 8 12 0 -98 -82 -260 3.8 3.8 40 0 0 0
Tower 0 8 13 0 -98 -78 -260 3.8 3.8 40 0 0 0
Tower 0 8 14 0 -98 -74 -260 3.8 3.8 40 0 0 0
Tower 0 8 15 0 -98 -70 -260 3.8 3.8 40 0 0 0
Tower 0 8 16 0 -98 -66 -260 3.8 3.8 40 0 0 0
Tower 0 8 17 0 -98 -62 -260 3.8 3.8 40 0 0 0
Tower 0 8 18 0 -98 -58 -260 3.8 3.8 40 0 0 0
Tower 0 8 19 0 -98 -54 -260 3.8 3.8 40 0 0 0
Tower 0 8 20 0 -98 -50 -260 3.8 3.8 40 0 0 0
Tower 0 8 21 0 -98 -46 -260 3.8 3.8 40 0 0 0
Tower 0 8 22 0 -98 -42 -260 3.8 3.8 40 0 0 0
Tower 0 8 23 0 -98 -38 -260 3.8 3.8 40 0 0 0
Tower 0 8 24 0 -98 -34 -260 3.8 3.8 40 0 0 0
Tower 0 8 25 0 -98 -30 -260 3.8 3.8 40 0 0 0
Tower 0 8 26 0 -98 -26 -260 3.8 3.8 40 0 0 0
Tower 0 8 27 0 -98 -22 -260 3.8 3.8 40 0 0 0
Tower 0 8 28 0 -98 -18 -260 3.8 3.8 40 0 0 0
Tower 0 8 29 0 -98 -14 -260 3.8 3.8 40 0 0 0
Tower 0 8 30 0 -98 -10 -260 3.8 3.8 40 0 0 0
Tower 0 8 31 0 -98 -6 -260 3.8 3.8 40 0 0 0
Tower 0 8 32 0 -98 -2 -260 3.8 3.8 40 0 0 0
Tower 0 8 33 0 -98 2 -260 3.8 3.8 40 0 0 0
Tower 0 8 34 0 -98 6 -260 3.8 3.8 40 0 0 0
Tower 0 8 35 0 -98 10 -260 3.8 3.8 40 0 0 0
Tower 0 8 36 0 -98 14 -260 3.8 3.8 40 0 0 0
Tower 0 8 37 0 -98 18 -260 3.8 3.8 40 0 0 0
Tower 0 8 38 0 -98 22 -260 3.8 3.8 40 0 0 0
Tower 0 8 39 0 -98 26 -260 3.8 3.8 40 0 0 0
Tower 0 8 40 0 -98 30 -260 3.8 3.8 40 0 0 0
Tower 0 8 41 0 -98 34 -260 3.8 3.8 40 0 0 0
Tower 0 8 42 0 -98 38 -260 3.8 3.8 40 0 0 0
Tower 0 8 43 0 -98 42 -260 3.8 3.8 40 0 0 0
Tower 0 8 44 0 -98 46 -260 3.8 3.8 40 0 0 0
Tower 0 8 45 0 -98 50 -260 3.8 3.8 40 0 0 0
Tower 0 8 46 0 -98 54 -260 3.8 3.8 40 0 0 0
Tower 0 8 47 0 -98 58 -260 3.8 3.8 40 0 0 0
Tower 0 8 48 0 -98 62 -260 3.8 3.8 40 0 0 0
Tower 0 8 49 0 -98 66 -260 3.8 3.8 40 0 0 0
Tower 0 8 50 0 -98 70 -260 3.8 3.8 40 0 0 0
Tower 0 8 51 0 -98 74 -260 3.8 3.8 40 0 0 0
Tower 0 8 52 0 -98 78 -260 3.8 3.8 40 0 0 0
Tower 0 8 53 0 -98 82 -260 3.8 3.8 40 0 0 0
Tower 0 8 54 0 -98 86 -260 3.8 3.8 40 0 0 0
Tower 0 9 10 0 -94 -90 -260 3.8 3.8 40 0 0 0
Tower 0 9 11 0 -94 -86 -260 3.8 3.8 40 0 0 0
Tower 0 9 12 0 -94 -82 -260 3.8 3.8 40 0 0 0
Tower 0 9 13 0 -94 -78 -260 3.8 3.8 40 0 0 0
Tower 0 9 14 0 -94 -74 -260 3.8 3.8 40 0 0 0
Tower 0 9 15 0 -94 -70 -260 3.8 3.8 40 0 0 0
Tower 0 9 16 0 -94 -66 -260 3.8 3.8 40 0 0 0
Tower 0 9 17 0 -94 -62 -260 3.8 3.8 40 0 0 0
Tower 0 9 18 0 -94 -58 -260 3.8 3.8 40 0 0 0
Tower 0 9 19 0 -94 -54 -260 3.8 3.8 40 0 0 0
Tower 0 9 20 0 -94 -50 -260 3.8 3.8 40 0 0 0
Tower 0 9 21 0 -94 -46 -260 3.8 3.8 40 0 0 0
Tower 0 9 22 0 -94 -42 -260 3.8 3.8 40 0 0 0
Tower 0 9 23 0 -94 -38 -260 3.8 3.8 40 0 0 0
Tower 0 9 24 0 -94 -34 -260 3.8 3.8 40 0 0 0
Tower 0 9 25 0 -94 -30 -260 3.8 3.8 40 0 0 0
Tower 0 9 26 0 -94 -26 -260 3.8 3.8 40 0 0 0
Tower 0 9 27 0 -94 -22 -260 3.8 3.8 40 0 0 0
Tower 0 9 28 0 -94 -18 -260 3.8 3.8 40 0 0 0
Tower 0 9 29 0 -94 -14 -260 3.8 3.8 40 0 0 0
Tower 0 9 30 0 -94 -10 -260 3.8 3.8 40 0 0 0
Tower 0 9 31 0 -94 -6 -260 3.8 3.8 40 0 0 0
Tower 0 9 32 0 -94 -2 -260 3.8 3.8 40 0 0 0
Tower 0 9 33 0 -94 2 -260 3.8 3.8 40 0 0 0
Tower 0 9 34 0 -94 6 -260 3.8 3.8 40 0 0 0
Tower 0 9 35 0 -94 10 -260 3.8 3.8 40 0 0 0
Tower 0 9 36 0 -94 14 -260 3.8 3.8 40 0 0 0
Tower 0 9 37 0 -94 18 -260 3.8 3.8 40 0 0 0
Tower 0 9 38 0 -94 22 -260 3.8 3.8 40 0 0 0
Tower 0 9 39 0 -94 26 -260 3.8 3.8 40 0 0 0
Tower 0 9 40 0 -94 30 -260 3.8 3.8 40 0 0 0
Tower 0 9 41 0 -94 34 -260 3.8 3.8 40 0 0 0
Tower 0 9 42 0 -94 38 -260 3.8 3.8 40 0 0 0
Tower 0 9 43 0 -94 42 -260 3.8 3.8 40 0 0 0
Tower 0 9 44 0 -94 46 -260 3.8 3.8 40 0 0 0
Tower 0 9 45 0 -94 50 -260 3.8 3.8 40 0 0 0
Tower 0 9 46 0 -94 54 -260 3.8 3.8 40 0 0 0
Tower 0 9 47 0 -94 58 -260 3.8 3.8 40 0 0 0
Tower 0 9 48 0 -94 62 -260 3.8 3.8 40 0 0 0
Tower 0 9 49 0 -94 66 -260 3.8 3.8 40 0 0 0
Tower 0 9 50 0 -94 70 -260 3.8 3.8 40 0 0 0
Tower 0 9 51 0 -94 74 -260 3.8 3.8 40 0 0 0
Tower 0 9 52 0 -94 78 -260 3.8 3.8 40 0 0 0
Tower 0 9 53 0 -94 82 -260 3.8 3.8 40 0 0 0
Tower 0 9 54 0 -94 86 -260 3.8 3.8 40 0 0 0
Tower 0 9 55 0 -94 90 -260 3.8 3.8 40 0 0 0
Tower 0 10 9 0 -90 -94 -260 3.8 3.8 40 0 0 0
Tower 0 10 10 0 -90 -90 -260 3.8 3.8 40 0 0 0
Tower 0 10 11 0 -90 -86 -260 3.8 3.8 40 0 0 0
Tower 0 10 12 0 -90 -82 -260 3.8 3.8 40 0 0 0
Tower 0 10 13 0 -90 -78 -260 3.8 3.8 40 0 0 0
Tower 0 10 14 0 -90 -74 -260 3.8 3.8 40 0 0 0
Tower 0 10 15 0 -90 -70 -260 3.8 3.8 40 0 0 0
Tower 0 10 16 0 -90 -66 -260 3.8 3.8 40 0 0 0
Tower 0 10 17 0 -90 -62 -260 3.8 3.8 40 0 0 0
Tower 0 10 18 0 -90 -58 -260 3.8 3.8 40 0 0 0
Tower 0 10 19 0 -90 -54 -260 3.8 3.8 40 0 0 0
Tower 0 10 20 0 -90 -50 -260 3.8 3.8 40 0 0 0
Tower 0 10 21 0 -90 -46 -260 3.8 3.8 40 0 0 0
Tower 0 10 22 0 -90 -42 -260 3.8 3.8 40 0 0 0
Tower 0 10 23 0 -90 -38 -260 3.8 3.8 40 0 0 0
Tower 0 10 24 0 -90 -34 -260 3.8 3.8 40 0 0 0
Tower 0 10 25 0 -90 -30 -260 3.8 3.8 40 0 0 0
Tower 0 10 26 0 -90 -26 -260 3.8 3.8 40 0 0 0
Tower 0 10 27 0 -90 -22 -260 3.8 3.8 40 0 0 0
Tower 0 10 28 0 -90 -18 -260 3.8 3.8 40 0 0 0
Tower 0 10 29 0 -90 -14 -260 3.8 3.8 40 0 0 0
Tower 0 10 30 0 -90 -10 -260 3.8 3.8 40 0 0 0
Tower 0 10 31 0 -90 -6 -260 3.8 3.8 40 0 0 0
Tower 0 10 32 0 -90 -2 -260 3.8 3.8 40 0 0 0
Tower 0 10 33 0 -90 2 -260 3.8 3.8 40 0 0 0
Tower 0 10 34 0 -90 6 -260 3.8 3.8 40 0 0 0
Tower 0 10 35 0 -90 10 -260 3.8 3.8 40 0 0 0
Tower 0 10 36 0 -90 14 -260 3.8 3.8 40 0 0 0
Tower 0 10 37 0 -90 18 -260 3.8 3.8 40 0 0 0
Tower 0 10 38 0 -90 22 -260 3.8 3.8 40 0 0 0
Tower 0 10 39 0 -90 26 -260 3.8 3.8 40 0 0 0
Tower 0 10 40 0 -90 30 -260 3.8 3.8 40 0 0 0
Tower 0 10 41 0 -90 34 -260 3.8 3.8 40 0 0 0
Tower 0 10 42 0 -90 38 -260 3.8 3.8 40 0 0 0
Tower 0 10 43 0 -90 42 -260 3.8 3.8 40 0 0 0
Tower 0 10 44 0 -90 46 -260 3.8 3.8 40 0 0 0
Tower 0 10 45 0 -90 50 -260 3.8 3.8 40 0 0 0
Tower 0 10 46 0 -90 54 -260 3.8 3.8 40 0 0 0
Tower 0 10 47 0 -90 58 -260 3.8 3.8 40 0 0 0
Tower 0 10 48 0 -90 62 -260 3.8 3.8 40 0 0 0
Tower 0 10 49 0 -90 66 -260 3.8 3.8 40 0 0 0
Tower 0 10 50 0 -90 70 -260 3.8 3.8 40 0 0 0
Tower 0 10 51 0 -90 74 -260 3.8 3.8 40 0 0 0
Tower 0 10 52 0 -90 78 -260 3.8 3.8 40 0 0 0
Tower 0 10 53 0 -90 82 -260 3.8 3.8 40 0 0 0
Tower 0 10 54 0 -90 86 -260 3.8 3.8 40 0 0 0
Tower 0 10 55 0 -90 90 -260 3.8 3.8 40 0 0 0
Tower 0 10 56 0 -90 94 -260 3.8 3.8 40 0 0 0
Tower 0 11 8 0 -86 -98 -260 3.8 3.8 40 0 0 0
Tower 0 11 9 0 -86 -94 -260 3.8 3.8 40 0 0 0
Tower 0 11 10 0 -86 -90 -260 3.8 3.8 40 0 0 0
Tower 0 11 11 0 -86 -86 -260 3.8 3.8 40 0 0 0
Tower 0 11 12 0 -86 -82 -260 3.8 3.8 40 0 0 0
Tower 0 11 13 0 -86 -78 -260 3.8 3.8 40 0 0 0
Tower 0 11 14 0 -86 -74 -260 3.8 3.8 40 0 0 0
Tower 0 11 15 0 -86 -70 -260 3.8 3.8 40 0 0 0
Tower 0 11 16 0 -86 -66 -260 3.8 3.8 40 0 0 0
Tower 0 11 17 0 -86 -62 -260 3.8 3.8 40 0 0 0
Tower 0 11 18 0 -86 -58 -260 3.8 3.8 40 0 0 0
Tower 0 11 19 0 -86 -54 -260 3.8 3.8 40 0 0 0
Tower 0 11 20 0 -86 -50 -260 3.8 3.8 40 0 0 0
Tower 0 11 21 0 -86 -46 -260 3.8 3.8 40 0 0 0
Tower 0 11 22 0 -86 -42 -260 3.8 3.8 40 0 0 0
Tower 0 11 23 0 -86 -38 -260 3.8 3.8 40 0 0 0
Tower 0 11 24 0 -86 -34 -260 3.8 3.8 40 0 0 0
Tower 0 11 25 0 -86 -30 -260 3.8 3.8 40 0 0 0
Tower 0 11 26 0 -86 -26 -260 3.8 3.8 40 0 0 0
Tower 0 11 27 0 -86 -22 -260 3.8 3.8 40 0 0 0
Tower 0 11 28 0 -86 -18 -260 3.8 3.8 40 0 0 0
Tower 0 11 29 0 -86 -14 -260 3.8 3.8 40 0 0 0
Tower 0 11 30 0 -86 -10 -260 3.8 3.8 40 0 0 0
Tower 0 11 31 0 -86 -6 -260 3.8 3.8 40 0 0 0
Tower 0 11 32 0 -86 -2 -260 3.8 3.8 40 0 0 0
Tower 0 11 33 0 -86 2 -260 3.8 3.8 40 0 0 0
Tower 0 11 34 0 -86 6 -260 3.8 3.8 40 0 0 0
Tower 0 11 35 0 -86 10 -260 3.8 3.8 40 0 0 0
Tower 0 11 36 0 -86 14 -260 3.8 3.8 40 0 0 0
Tower 0 11 37 0 -86 18 -260 3.8 3.8 40 0 0 0
Tower 0 11 38 0 -86 22 -260 3.8 3.8 40 0 0 0
Tower 0 11 39 0 -86 26 -260 3.8 3.8 40 0 0 0
Tower 0 11 40 0 -86 30 -260 3.8 3.8 40 0 0 0
Tower 0 11 41 0 -86 34 -260 3.8 3.8 40 0 0 0
Tower 0 11 42 0 -86 38 -260 3.8 3.8 40 0 0 0
Tower 0 11 43 0 -86 42 -260 3.8 3.8 40 0 0 0
Tower 0 11 44 0 -86 46 -260 3.8 3.8 40 0 0 0
Tower 0 11 45 0 -86 50 -260 3.8 3.8 40 0 0 0
Tower 0 11 46 0 -86 54 -260 3.8 3.8 40 0 0 0
Tower 0 11 47 0 -86 58 -260 3.8 3.8 40 0 0 0
Tower 0 11 48 0 -86 62 -260 3.8 3.8 40 0 0 0
Tower 0 11 49 0 -86 66 -260 3.8 3.8 40 0 0 0
Tower 0 11 50 0 -86 70 -260 3.8 3.8 40 0 0 0
Tower 0 11 51 0 -86 74 -260 3.8 3.8 40 0 0 0
Tower 0 11 52 0 -86 78 -260 3.8 3.8 40 0 0 0
Tower 0 11 53 0 -86 82 -260 3.8 3.8 40 0 0 0
Tower 0 11 54 0 -86 86 -260 3.8 3.8 40 0 0 0
Tower 0 11 55 0 -86 90 -260 3.8 3.8 40 0 0 0
Tower 0 11 56 0 -86 94 -260 3.8 3.8 40 0 0 0
Tower 0 11 57 0 -86 98 -260 3.8 3.8 40 0 0 0
Tower 0 12 7 0 -82 -102 -260 3.8 3.8 40 0 0 0
Tower 0 12 8 0 -82 -98 -260 3.8 3.8 40 0 0 0
Tower 0 12 9 0 -82 -94 -260 3.8 3.8 40 0 0 0
Tower 0 12 10 0 -82 -90 -260 3.8 3.8 40 0 0 0
Tower 0 12 11 0 -82 -86 -260 3.8 3.8 40 0 0 0
Tower 0 12 12 0 -82 -82 -260 3.8 3.8 40 0 0 0
Tower 0 12 13 0 -82 -78 -260 3.8 3.8 40 0 0 0
Tower 0 12 14 0 -82 -74 -260 3.8 3.8 40 0 0 0
Tower 0 12 15 0 -82 -70 -260 3.8 3.8 40 0 0 0
Tower 0 12 16 0 -82 -66 -260 3.8 3.8 40 0 0 0
Tower 0 12 17 0 -82 -62 -260 3.8 3.8 40 0 0 0
Tower 0 12 18 0 -82 -58 -260 3.8 3.8 40 0 0 0
Tower 0 12 19 0 -82 -54 -260 3.8 3.8 40 0 0 0
Tower 0 12 20 0 -82 -50 -260 3.8 3.8 40 0 0 0
Tower 0 12 21 0 -82 -46 -260 3.8 3.8 40 0 0 0
Tower 0 12 22 0 -82 -42 -260 3.8 3.8 40 0 0 0
Tower 0 12 23 0 -82 -38 -260 3.8 3.8 40 0 0 0
Tower 0 12 24 0 -82 -34 -260 3.8 3.8 40 0 0 0
Tower 0 12 25 0 -82 -30 -260 3.8 3.8 40 0 0 0
Tower 0 12 26 0 -82 -26 -260 3.8 3.8 40 0 0 0
Tower 0 12 27 0 -82 -22 -260 3.8 3.8 40 0 0 0
Tower 0 12 38 0 -82 22 -260 3.8 3.8 40 0 0 0
Tower 0 12 39 0 -82 26 -260 3.8 3.8 40 0 0 0
Tower 0 12 40 0 -82 30 -260 3.8 3.8 40 0 0 0
Tower 0 12 41 0 -82 34 -260 3.8 3.8 40 0 0 0
Tower 0 12 42 0 -82 38 -260 3.8 3.8 40 0 0 0
Tower 0 12 43 0 -82 42 -260 3.8 3.8 40 0 0 0
Tower 0 12 44 0 -82 46 -260 3.8 3.8 40 0 0 0
Tower 0 12 45 0 -82 50 -260 3.8 3.8 40 0 0 0
Tower 0 12 46 0 -82 54 -260 3.8 3.8 40 0 0 0
Tower 0 12 47 0 -82 58 -260 3.8 3.8 40 0 0 0
Tower 0 12 48 0 -82 62 -260 3.8 3.8 40 0 0 0
Tower 0 12 49 0 -82 66 -260 3.8 3.8 40 0 0 0
Tower 0 12 50 0 -82 70 -260 3.8 3.8 40 0 0 0
Tower 0 12 51 0 -82 74 -260 3.8 3.8 40 0 0 0
Tower 0 12 52 0 -82 78 -260 3.8 3.8 40 0 0 0
Tower 0 12 53 0 -82 82 -260 3.8 3.8 40 0 0 0
Tower 0 12 54 0 -82 86 -260 3.8 3.8 40 0 0 0
Tower 0 12 55 0 -82 90 -260 3.8 3.8 40 0 0 0
Tower 0 12 56 0 -82 94 -260 3.8 3.8 40 0 0 0
Tower 0 12 57 0 -82 98 -260 3.8 3.8 40 0 0 0
Tower 0 12 58 0 -82 102 -260 3.8 3.8 40 0 0 0
Tower 0 13 6 0 -78 -106 -260 3.8 3.8 40 0 0 0
Tower 0 13 7 0 -78 -102 -260 3.8 3.8 40 0 0 0
Tower 0 13 8 0 -78 -98 -260 3.8 3.8 40 0 0 0
Tower 0 13 9 0 -78 -94 -260 3.8 3.8 40 0 0 0
Tower 0 13 10 0 -78 -90 -260 3.8 3.8 40 0 0 0
Tower 0 13 11 0 -78 -86 -260 3.8 3.8 40 0 0 0
Tower 0 13 12 0 -78 -82 -260 3.8 3.8 40 0 0 0
Tower 0 13 13 0 -78 -78 -260 3.8 3.8 40 0 0 0
Tower 0 13 14 0 -78 -74 -260 3.8 3.8 40 0 0 0
Tower 0 13 15 0 -78 -70 -260 3.8 3.8 40 0 0 0
Tower 0 13 16 0 -78 -66 -260 3.8 3.8 40 0 0 0
Tower 0 13 17 0 -78 -62 -260 3.8 3.8 40 0 0 0
Tower 0 13 18 0 -78 -58 -260 3.8 3.8 40 0 0 0
Tower 0 13 19 0 -78 -54 -260 3.8 3.8 40 0 0 0
Tower 0 13 20 0 -78 -50 -260 3.8 3.8 40 0 0 0
Tower 0 13 21 0 -78 -46 -260 3.8 3.8 40 0 0 0
Tower 0 13 22 0 -78 -42 -260 3.8 3.8 40 0 0 0
Tower 0 13 23 0 -78 -38 -260 3.8 3.8 40 0 0 0
Tower 0 13 24 0 -78 -34 -260 3.8 3.8 40 0 0 0
Tower 0 13 41 0 -78 34 -260 3.8 3.8 40 0 0 0
Tower 0 13 42 0 -78 38 -260 3.8 3.8 40 0 0 0
Tower 0 13 43 0 -78 42 -260 3.8 3.8 40 0 0 0
Tower 0 13 44 0 -78 46 -260 3.8 3.8 40 0 0 0
Tower 0 13 45 0 -78 50 -260 3.8 3.8 40 0 0 0
Tower 0 13 46 0 -78 54 -260 3.8 3.8 40 0 0 0
Tower 0 13 47 0 -78 58 -260 3.8 3.8 40 0 0 0
Tower 0 13 48 0 -78 62 -260 3.8 3.8 40 0 0 0
Tower 0 13 49 0 -78 66 -260 3.8 3.8 40 0 0 0
Tower 0 13 50 0 -78 70 -260 3.8 3.8 40 0 0 0
Tower 0 13 51 0 -78 74 -260 3.8 3.8 40 0 0 0
Tower 0 13 52 0 -78 78 -260 3.8 3.8 40 0 0 0
Tower 0 13 53 0 -78 82 -260 3.8 3.8 40 0 0 0
Tower 0 13 54 0 -78 86 -260 3.8 3.8 40 0 0 0
Tower 0 13 55 0 -78 90 -260 3.8 3.8 40 0 0 0
Tower 0 13 56 0 -78 94 -260 3.8 3.8 40 0 0 0
Tower 0 13 57 0 -78 98 -260 3.8 3.8 40 0 0 0
Tower 0 13 58 0 -78 102 -260 3.8 3.8 40 0 0 0
Tower 0 13 59 0 -78 106 -260 3.8 3.8 40 0 0 0
Tower 0 14 6 0 -74 -106 -260 3.8 3.8 40 0 0 0
Tower 0 14 7 0 -74 -102 -260 3.8 3.8 40 0 0 0
Tower 0 14 8 0 -74 -98 -260 3.8 3.8 40 0 0 0
Tower 0 14 9 0 -74 -94 -260 3.8 3.8 40 0 0 0
Tower 0 14 10 0 -74 -90 -260 3.8 3.8 40 0 0 0
Tower 0 14 11 0 -74 -86 -260 3.8 3.8 40 0 0 0
Tower 0 14 12 0 -74 -82 -260 3.8 3.8 40 0 0 0
Tower 0 14 13 0 -74 -78 -260 3.8 3.8 40 0 0 0
Tower 0 14 14 0 -74 -74 -260 3.8 3.8 40 0 0 0
Tower 0 14 15 0 -74 -70 -260 3.8 3.8 40 0 0 0
Tower 0 14 16 0 -74 -66 -260 3.8 3.8 40 0 0 0
Tower 0 14 17 0 -74 -62 -260 3.8 3.8 40 0 0 0
Tower 0 14 18 0 -74 -58 -260 3.8 3.8 40 0 0 0
Tower 0 14 19 0 -74 -54 -260 3.8 3.8 40 0 0 0
Tower 0 14 20 0 -74 -50 -260 3.8 3.8 40 0 0 0
Tower 0 14 21 0 -74 -46 -260 3.8 3.8 40 0 0 0
Tower 0 14 22 0 -74 -42 -260 3.8 3.8 40 0 0 0
Tower 0 14 43 0 -74 42 -260 3.8 3.8 40 0 0 0
Tower 0 14 44 0 -74 46 -260 3.8 3.8 40 0 0 0
Tower 0 14 45 0 -74 50 -260 3.8 3.8 40 0 0 0
Tower 0 14 46 0 -74 54 -260 3.8 3.8 40 0 0 0
Tower 0 14 47 0 -74 58 -260 3.8 3.8 40 0 0 0
Tower 0 14 48 0 -74 62 -260 3.8 3.8 40 0 0 0
Tower 0 14 49 0 -74 66 -260 3.8 3.8 40 0 0 0
Tower 0 14 50 0 -74 70 -260 3.8 3.8 40 0 0 0
Tower 0 14 51 0 -74 74 -260 3.8 3.8 40 0 0 0
Tower 0 14 52 0 -74 78 -260 3.8 3.8 40 0 0 0
Tower 0 14 53 0 -74 82 -260 3.8 3.8 40 0 0 0
Tower 0 14 54 0 -74 86 -260 3.8 3.8 40 0 0 0
Tower 0 14 55 0 -74 90 -260 3.8 3.8 40 0 0 0
Tower 0 14 56 0 -74 94 -260 3.8 3.8 40 0 0 0
Tower 0 14 57 0 -74 98 -260 3.8 3.8 40 0 0 0
Tower 0 14 58 0 -74 102 -260 3.8 3.8 40 0 0 0
Tower 0 14 59 0 -74 106 -260 3.8 3.8 40 0 0 0
Tower 0 15 5 0 -70 -110 -260 3.8 3.8 40 0 0 0
Tower 0 15 6 0 -70 -106 -260 3.8 3.8 40 0 0 0
Tower 0 15 7 0 -70 -102 -260 3.8 3.8 40 0 0 0
Tower 0 15 8 0 -70 -98 -260 3.8 3.8 40 0 0 0
Tower 0 15 9 0 -70 -94 -260 3.8 3.8 40 0 0 0
Tower 0 15 10 0 -70 -90 -260 3.8 3.8 40 0 0 0
Tower 0 15 11 0 -70 -86 -260 3.8 3.8 40 0 0 0
Tower 0 15 12 0 -70 -82 -260 3.8 3.8 40 0 0 0
Tower 0 15 13 0 -70 -78 -260 3.8 3.8 40 0 0 0
Tower 0 15 14 0 -70 -74 -260 3.8 3.8 40 0 0 0
Tower 0 15 15 0 -70 -70 -260 3.8 3.8 40 0 0 0
Tower 0 15 16 0 -70 -66 -260 3.8 3.8 40 0 0 0
Tower 0 15 17 0 -70 -62 -260 3.8 3.8 40 0 0 0
Tower 0 15 18 0 -70 -58 -260 3.8 3.8 40 0 0 0
Tower 0 15 19 0 -70 -54 -260 3.8 3.8 40 0 0 0
Tower 0 15 20 0 -70 -50 -260 3.8 3.8 40 0 0 0
Tower 0 15 45 0 -70 50 -260 3.8 3.8 40 0 0 0
Tower 0 15 46 0 -70 54 -260 3.8 3.8 40 0 0 0
Tower 0 15 47 0 -70 58 -260 3.8 3.8 40 0 0 0
Tower 0 15 48 0 -70 62 -260 3.8 3.8 40 0 0 0
Tower 0 15 49 0 -70 66 -260 3.8 3.8 40 0 0 0
Tower 0 15 50 0 -70 70 -260 3.8 3.8 40 0 0 0
Tower 0 15 51 0 -70 74 -260 3.8 3.8 40 0 0 0
Tower 0 15 52 0 -70 78 -260 3.8 3.8 40 0 0 0
Tower 0 15 53 0 -70 82 -260 3.8 3.8 40 0 0 0
Tower 0 15 54 0 -70 86 -260 3.8 3.8 40 0 0 0
Tower 0 15 55 0 -70 90 -260 3.8 3.8 40 0 0 0
Tower 0 15 56 0 -70 94 -260 3.8 3.8 40 0 0 0
Tower 0 15 57 0 -70 98 -260 3.8 3.8 40 0 0 0
Tower 0 15 58 0 -70 102 -260 3.8 3.8 40 0 0 0
Tower 0 15 59 0 -70 106 -260 3.8 3.8 40 0 0 0
Tower 0 15 60 0 -70 110 -260 3.8 3.8 40 0 0 0
Tower 0 16 4 0 -66 -114 -260 3.8 3.8 40 0 0 0
Tower 0 16 5 0 -66 -110 -260 3.8 3.8 40 0 0 0
Tower 0 16 6 0 -66 -106 -260 3.8 3.8 40 0 0 0
Tower 0 16 7 0 -66 -102 -260 3.8 3.8 40 0 0 0
Tower 0 16 8 0 -66 -98 -260 3.8 3.8 40 0 0 0
Tower 0 16 9 0 -66 -94 -260 3.8 3.8 40 0 0 0
Tower 0 16 10 0 -66 -90 -260 3.8 3.8 40 0 0 0
Tower 0 16 11 0 -66 -86 -260 3.8 3.8 40 0 0 0
Tower 0 16 12 0 -66 -82 -260 3.8 3.8 40 0 0 0
Tower 0 16 13 0 -66 -78 -260 3.8 3.8 40 0 0 0
Tower 0 16 14 0 -66 -74 -260 3.8 3.8 40 0 0 0
Tower 0 16 15 0 -66 -70 -260 3.8 3.8 40 0 0 0
Tower 0 16 16 0 -66 -66 -260 3.8 3.8 40 0 0 0
Tower 0 16 17 0 -66 -62 -260 3.8 3.8 40 0 0 0
Tower 0 16 18 0 -66 -58 -260 3.8 3.8 40 0 0 0
Tower 0 16 19 0 -66 -54 -260 3.8 3.8 40 0 0 0
Tower 0 16 46 0 -66 54 -260 3.8 3.8 40 0 0 0
Tower 0 16 47 0 -66 58 -260 3.8 3.8 40 0 0 0
Tower 0 16 48 0 -66 62 -260 3.8 3.8 40 0 0 0
Tower 0 16 49 0 -66 66 -260 3.8 3.8 40 0 0 0
Tower 0 16 50 0 -66 70 -260 3.8 3.8 40 0 0 0
Tower 0 16 51 0 -66 74 -260 3.8 3.8 40 0 0 0
Tower 0 16 52 0 -66 78 -260 3.8 3.8 40 0 0 0
Tower 0 16 53 0 -66 82 -260 3.8 3.8 40 0 0 0
Tower 0 16 54 0 -66 86 -260 3.8 3.8 40 0 0 0
Tower 0 16 55 0 -66 90 -260 3.8 3.8 40 0 0 0
Tower 0 16 56 0 -66 94 -260 3.8 3.8 40 0 0 0
Tower 0 16 57 0 -66 98 -260 3.8 3.8 40 0 0 0
Tower 0 16 58 0 -66 102 -260 3.8 3.8 40 0 0 0
Tower 0 16 59 0 -66 106 -260 3.8 3.8 40 0 0 0
Tower 0 16 60 0 -66 110 -260 3.8 3.8 40 0 0 0
Tower 0 16 61 0 -66 114 -260 3.8 3.8 40 0 0 0
Tower 0 17 4 0 -62 -114 -260 3.8 3.8 40 0 0 0
Tower 0 17 5 0 -62 -110 -260 3.8 3.8 40 0 0 0
Tower 0 17 6 0 -62 -106 -260 3.8 3.8 40 0 0 0
Tower 0 17 7 0 -62 -102 -260 3.8 3.8 40 0 0 0
Tower 0 17 8 0 -62 -98 -260 3.8 3.8 40 0 0 0
Tower 0 17 9 0 -62 -94 -260 3.8 3.8 40 0 0 0
Tower 0 17 10 0 -62 -90 -260 3.8 3.8 40 0 0 0
Tower 0 17 11 0 -62 -86 -260 3.8 3.8 40 0 0 0
Tower 0 17 12 0 -62 -82 -260 3.8 3.8 40 0 0 0
Tower 0 17 13 0 -62 -78 -260 3.8 3.8 40 0 0 0
Tower 0 17 14 0 -62 -74 -260 3.8 3.8 40 0 0 0
Tower 0 17 15 0 -62 -70 -260 3.8 3.8 40 0 0 0
Tower 0 17 16 0 -62 -66 -260 3.8 3.8 40 0 0 0
Tower 0 17 17 0 -62 -62 -260 3.8 3.8 40 0 0 0
Tower 0 17 18 0 -62 -58 -260 3.8 3.8 40 0 0 0
Tower 0 17 47 0 -62 58 -260 3.8 3.8 40 0 0 0
Tower 0 17 48 0 -62 62 -260 3.8 3.8 40 0 0 0
Tower 0 17 49 0 -62 66 -260 3.8 3.8 40 0 0 0
Tower 0 17 50 0 -62 70 -260 3.8 3.8 40 0 0 0
Tower 0 17 51 0 -62 74 -260 3.8 3.8 40 0 0 0
Tower 0 17 52 0 -62 78 -260 3.8 3.8 40 0 0 0
Tower 0 17 53 0 -62 82 -260 3.8 3.8 40 0 0 0
Tower 0 17 54 0 -62 86 -260 3.8 3.8 40 0 0 0
Tower 0 17 55 0 -62 90 -260 3.8 3.8 40 0 0 0
Tower 0 17 56 0 -62 94 -260 3.8 3.8 40 0 0 0
Tower 0 17 57 0 -62 98 -260 3.8 3.8 40 0 0 0
Tower 0 17 58 0 -62 102 -260 3.8 3.8 40 0 0 0
Tower 0 17 59 0 -62 106 -260 3.8 3.8 40 0 0 0
Tower 0 17 60 0 -62 110 -260 3.8 3.8 40 0 0 0
Tower 0 17 61 0 -62 114 -260 3.8 3.8 40 0 0 0
Tower 0 18 3 0 -58 -118 -260 3.8 3.8 40 0 0 0
Tower 0 18 4 0 -58 -114 -260 3.8 3.8 40 0 0 0
Tower 0 18 5 0 -58 -110 -260 3.8 3.8 40 0 0 0
Tower 0 18 6 0 -58 -106 -260 3.8 3.8 40 0 0 0
Tower 0 18 7 0 -58 -102 -260 3.8 3.8 40 0 0 0
Tower 0 18 8 0 -58 -98 -260 3.8 3.8 40 0 0 0
Tower 0 18 9 0 -58 -94 -260 3.8 3.8 40 0 0 0
Tower 0 18 10 0 -58 -90 -260 3.8 3.8 40 0 0 0
Tower 0 18 11 0 -58 -86 -260 3.8 3.8 40 0 0 0
Tower 0 18 12 0 -58 -82 -260 3.8 3.8 40 0 0 0
Tower 0 18 13 0 -58 -78 -260 3.8 3.8 40 0 0 0
Tower 0 18 14 0 -58 -74 -260 3.8 3.8 40 0 0 0
Tower 0 18 15 0 -58 -70 -260 3.8 3.8 40 0 0 0
Tower 0 18 16 0 -58 -66 -260 3.8 3.8 40 0 0 0
Tower 0 18 17 0 -58 -62 -260 3.8 3.8 40 0 0 0
Tower 0 18 48 0 -58 62 -260 3.8 3.8 40 0 0 0
Tower 0 18 49 0 -58 66 -260 3.8 3.8 40 0 0 0
Tower 0 18 50 0 -58 70 -260 3.8 3.8 40 0 0 0
Tower 0 18 51 0 -58 74 -260 3.8 3.8 40 0 0 0
Tower 0 18 52 0 -58 78 -260 3.8 3.8 40 0 0 0
Tower 0 18 53 0 -58 82 -260 3.8 3.8 40 0 0 0
Tower 0 18 54 0 -58 86 -260 3.8 3.8 40 0 0 0
Tower 0 18 55 0 -58 90 -260 3.8 3.8 40 0 0 0
Tower 0 18 56 0 -58 94 -260 3.8 3.8 40 0 0 0
Tower 0 18 57 0 -58 98 -260 3.8 3.8 40 0 0 0
Tower 0 18 58 0 -58 102 -260 3.8 3.8 40 0 0 0
Tower 0 18 59 0 -58 106 -260 3.8 3.8 40 0 0 0
Tower 0 18 60 0 -58 110 -260 3.8 3.8 40 0 0 0
Tower 0 18 61 0 -58 114 -260 3.8 3.8 40 0 0 0
Tower 0 18 62 0 -58 118 -260 3.8 3.8 40 0 0 0
Tower 0 19 3 0 -54 -118 -260 3.8 3.8 40 0 0 0
Tower 0 19 4 0 -54 -114 -260 3.8 3.8 40 0 0 0
Tower 0 19 5 0 -54 -110 -260 3.8 3.8 40 0 0 0
Tower 0 19 6 0 -54 -106 -260 3.8 3.8 40 0 0 0
Tower 0 19 7 0 -54 -102 -260 3.8 3.8 40 0 0 0
Tower 0 19 8 0 -54 -98 -260 3.8 3.8 40 0 0 0
Tower 0 19 9 0 -54 -94 -260 3.8 3.8 40 0 0 0
Tower 0 19 10 0 -54 -90 -260 3.8 3.8 40 0 0 0
Tower 0 19 11 0 -54 -86 -260 3.8 3.8 40 0 0 0
Tower 0 19 12 0 -54 -82 -260 3.8 3.8 40 0 0 0
Tower 0 19 13 0 -54 -78 -260 3.8 3.8 40 0 0 0
Tower 0 19 14 0 -54 -74 -260 3.8 3.8 40 0 0 0
Tower 0 19 15 0 -54 -70 -260 3.8 3.8 40 0 0 0
Tower 0 19 16 0 -54 -66 -260 3.8 3.8 40 0 0 0
Tower 0 19 49 0 -54 66 -260 3.8 3.8 40 0 0 0
Tower 0 19 50 0 -54 70 -260 3.8 3.8 40 0 0 0
Tower 0 19 51 0 -54 74 -260 3.8 3.8 40 0 0 0
Tower 0 19 52 0 -54 78 -260 3.8 3.8 40 0 0 0
Tower 0 19 53 0 -54 82 -260 3.8 3.8 40 0 0 0
Tower 0 19 54 0 -54 86 -260 3.8 3.8 40 0 0 0
Tower 0 19 55 0 -54 90 -260 3.8 3.8 40 0 0 0
Tower 0 19 56 0 -54 94 -260 3.8 3.8 40 0 0 0
Tower 0 19 57 0 -54 98 -260 3.8 3.8 40 0 0 0
Tower 0 19 58 0 -54 102 -260 3.8 3.8 40 0 0 0
Tower 0 19 59 0 -54 106 -260 3.8 3.8 40 0 0 0
Tower 0 19 60 0 -54 110 -260 3.8 3.8 40 0 0 0
Tower 0 19 61 0 -54 114 -260 3.8 3.8 40 0 0 0
Tower 0 19 62 0 -54 118 -260 3.8 3.8 40 0 0 0
Tower 0 20 2 0 -50 -122 -260 3.8 3.8 40 0 0 0
Tower 0 20 3 0 -50 -118 -260 3.8 3.8 40 0 0 0
Tower 0 20 4 0 -50 -114 -260 3.8 3.8 40 0 0 0
Tower 0 20 5 0 -50 -110 -260 3.8 3.8 40 0 0 0
Tower 0 20 6 0 -50 -106 -260 3.8 3.8 40 0 0 0
Tower 0 20 7 0 -50 -102 -260 3.8 3.8 40 0 0 0
Tower 0 20 8 0 -50 -98 -260 3.8 3.8 40 0 0 0
Tower 0 20 9 0 -50 -94 -260 3.8 3.8 40 0 0 0
Tower 0 20 10 0 -50 -90 -260 3.8 3.8 40 0 0 0
Tower 0 20 11 0 -50 -86 -260 3.8 3.8 40 0 0 0
Tower 0 20 12 0 -50 -82 -260 3.8 3.8 40 0 0 0
Tower 0 20 13 0 -50 -78 -260 3.8 3.8 40 0 0 0
Tower 0 20 14 0 -50 -74 -260 3.8 3.8 40 0 0 0
Tower 0 20 15 0 -50 -70 -260 3.8 3.8 40 0 0 0
Tower 0 20 50 0 -50 70 -260 3.8 3.8 40 0 0 0
Tower 0 20 51 0 -50 74 -260 3.8 3.8 40 0 0 0
Tower 0 20 52 0 -50 78 -260 3.8 3.8 40 0 0 0
Tower 0 20 53 0 -50 82 -260 3.8 3.8 40 0 0 0
Tower 0 20 54 0 -50 86 -260 3.8 3.8 40 0 0 0
Tower 0 20 55 0 -50 90 -260 3.8 3.8 40 0 0 0
Tower 0 20 56 0 -50 94 -260 3.8 3.8 40 0 0 0
Tower 0 20 57 0 -50 98 -260 3.8 3.8 40 0 0 0
Tower 0 20 58 0 -50 102 -260 3.8 3.8 40 0 0 0
Tower 0 20 59 0 -50 106 -260 3.8 3.8 40 0 0 0
Tower 0 20 60 0 -50 110 -260 3.8 3.8 40 0 0 0
Tower 0 20 61 0 -50 114 -260 3.8 3.8 40 0 0 0
Tower 0 20 62 0 -50 118 -260 3.8 3.8 40 0 0 0
Tower 0 20 63 0 -50 122 -260 3.8 3.8 40 0 0 0
Tower 0 21 2 0 -46 -122 -260 3.8 3.8 40 0 0 0
Tower 0 21 3 0 -46 -118 -260 3.8 3.8 40 0 0 0
Tower 0 21 4 0 -46 -114 -260 3.8 3.8 40 0 0 0
Tower 0 21 5 0 -46 -110 -260 3.8 3.8 40 0 0 0
Tower 0 21 6 0 -46 -106 -260 3.8 3.8 40 0 0 0
Tower 0 21 7 0 -46 -102 -260 3.8 3.8 40 0 0 0
Tower 0 21 8 0 -46 -98 -260 3.8 3.8 40 0 0 0
Tower 0 21 9 0 -46 -94 -260 3.8 3.8 40 0 0 0
Tower 0 21 10 0 -46 -90 -260 3.8 3.8 40 0 0 0
Tower 0 21 11 0 -46 -86 -260 3.8 3.8 40 0 0 0
Tower 0 21 12 0 -46 -82 -260 3.8 3.8 40 0 0 0
Tower 0 21 13 0 -46 -78 -260 3.8 3.8 40 0 0 0
Tower 0 21 14 0 -46 -74 -260 3.8 3.8 40 0 0 0
Tower 0 21 51 0 -46 74 -260 3.8 3.8 40 0 0 0
Tower 0 21 52 0 -46 78 -260 3.8 3.8 40 0 0 0
Tower 0 21 53 0 -46 82 -260 3.8 3.8 40 0 0 0
Tower 0 21 54 0 -46 86 -260 3.8 3.8 40 0 0 0
Tower 0 21 55 0 -46 90 -260 3.8 3.8 40 0 0 0
Tower 0 21 56 0 -46 94 -260 3.8 3.8 40 0 0 0
Tower 0 21 57 0 -46 98 -260 3.8 3.8 40 0 0 0
Tower 0 21 58 0 -46 102 -260 3.8 3.8 40 0 0 0
Tower 0 21 59 0 -46 106 -260 3.8 3.8 40 0 0 0
Tower 0 21 60 0 -46 110 -260 3.8 3.8 40 0 0 0
Tower 0 21 61 0 -46 114 -260 3.8 3.8 40 0 0 0
Tower 0 21 62 0 -46 118 -260 3.8 3.8 40 0 0 0
Tower 0 21 63 0 -46 122 -260 3.8 3.8 40 0 0 0
Tower 0 22 2 0 -42 -122 -260 3.8 3.8 40 0 0 0
Tower 0 22 3 0 -42 -118 -260 3.8 3.8 40 0 0 0
Tower 0 22 4 0 -42 -114 -260 3.8 3.8 40 0 0 0
Tower 0 22 5 0 -42 -110 -260 3.8 3.8 40 0 0 0
Tower 0 22 6 0 -42 -106 -260 3.8 3.8 40 0 0 0
Tower 0 22 7 0 -42 -102 -260 3.8 3.8 40 0 0 0
Tower 0 22 8 0 -42 -98 -260 3.8 3.8 40 0 0 0
Tower 0 22 9 0 -42 -94 -260 3.8 3.8 40 0 0 0
Tower 0 22 10 0 -42 -90 -260 3.8 3.8 40 0 0 0
Tower 0 22 11 0 -42 -86 -260 3.8 3.8 40 0 0 0
Tower 0 22 12 0 -42 -82 -260 3.8 3.8 40 0 0 0
Tower 0 22 13 0 -42 -78 -260 3.8 3.8 40 0 0 0
Tower 0 22 14 0 -42 -74 -260 3.8 3.8 40 0 0 0
Tower 0 22 51 0 -42 74 -260 3.8 3.8 40 0 0 0
Tower 0 22 52 0 -42 78 -260 3.8 3.8 40 0 0 0
Tower 0 22 53 0 -42 82 -260 3.8 3.8 40 0 0 0
Tower 0 22 54 0 -42 86 -260 3.8 3.8 40 0 0 0
Tower 0 22 55 0 -42 90 -260 3.8 3.8 40 0 0 0
Tower 0 22 56 0 -42 94 -260 3.8 3.8 40 0 0 0
Tower 0 22 57 0 -42 98 -260 3.8 3.8 40 0 0 0
Tower 0 22 58 0 -42 102 -260 3.8 3.8 40 0 0 0
Tower 0 22 59 0 -42 106 -260 3.8 3.8 40 0 0 0
Tower 0 22 60 0 -42 110 -260 3.8 3.8 40 0 0 0
Tower 0 22 61 0 -42 114 -260 3.8 3.8 40 0 0 0
Tower 0 22 62 0 -42 118 -260 3.8 3.8 40 0 0 0
Tower 0 22 63 0 -42 122 -260 3.8 3.8 40 0 0 0
Tower 0 23 1 0 -38 -126 -260 3.8 3.8 40 0 0 0
Tower 0 23 2 0 -38 -122 -260 3.8 3.8 40 0 0 0
Tower 0 23 3 0 -38 -118 -260 3.8 3.8 40 0 0 0
Tower 0 23 4 0 -38 -114 -260 3.8 3.8 40 0 0 0
Tower 0 23 5 0 -38 -110 -260 3.8 3.8 40 0 0 0
Tower 0 23 6 0 -38 -106 -260 3.8 3.8 40 0 0 0
Tower 0 23 7 0 -38 -102 -260 3.8 3.8 40 0 0 0
Tower 0 23 8 0 -38 -98 -260 3.8 3.8 40 0 0 0
Tower 0 23 9 0 -38 -94 -260 3.8 3.8 40 0 0 0
Tower 0 23 10 0 -38 -90 -260 3.8 3.8 40 0 0 0
Tower 0 23 11 0 -38 -86 -260 3.8 3.8 40 0 0 0
Tower 0 23 12 0 -38 -82 -260 3.8 3.8 40 0 0 0
Tower 0 23 13 0 -38 -78 -260 3.8 3.8 40 0 0 0
Tower 0 23 52 0 -38 78 -260 3.8 3.8 40 0 0 0
Tower 0 23 53 0 -38 82 -260 3.8 3.8 40 0 0 0
Tower 0 23 54 0 -38 86 -260 3.8 3.8 40 0 0 0
Tower 0 23 55 0 -38 90 -260 3.8 3.8 40 0 0 0
Tower 0 23 56 0 -38 94 -260 3.8 3.8 40 0 0 0
Tower 0 23 57 0 -38 98 -260 3.8 3.8 40 0 0 0
Tower 0 23 58 0 -38 102 -260 3.8 3.8 40 0 0 0
Tower 0 23 59 0 -38 106 -260 3.8 3.8 40 0 0 0
Tower 0 23 60 0 -38 110 -260 3.8 3.8 40 0 0 0
Tower 0 23 61 0 -38 114 -260 3.8 3.8 40 0 0 0
Tower 0 23 62 0 -38 118 -260 3.8 3.8 40 0 0 0
Tower 0 23 63 0 -38 122 -260 3.8 3.8 40 0 0 0
Tower 0 23 64 0 -38 126 -260 3.8 3.8 40 0 0 0
Tower 0 24 1 0 -34 -126 -260 3.8 3.8 40 0 0 0
Tower 0 24 2 0 -34 -122 -260 3.8 3.8 40 0 0 0
Tower 0 24 3 0 -34 -118 -260 3.8 3.8 40 0 0 0
Tower 0 24 4 0 -34 -114 -260 3.8 3.8 40 0 0 0
Tower 0 24 5 0 -34 -110 -260 3.8 3.8 40 0 0 0
Tower 0 24 6 0 -34 -106 -260 3.8 3.8 40 0 0 0
Tower 0 24 7 0 -34 -102 -260 3.8 3.8 40 0 0 0
Tower 0 24 8 0 -34 -98 -260 3.8 3.8 40 0 0 0
Tower 0 24 9 0 -34 -94 -260 3.8 3.8 40 0 0 0
Tower 0 24 10 0 -34 -90 -260 3.8 3.8 40 0 0 0
Tower 0 24 11 0 -34 -86 -260 3.8 3.8 40 0 0 0
Tower 0 24 12 0 -34 -82 -260 3.8 3.8 40 0 0 0
Tower 0 24 13 0 -34 -78 -260 3.8 3.8 40 0 0 0
Tower 0 24 52 0 -34 78 -260 3.8 3.8 40 0 0 0
Tower 0 24 53 0 -34 82 -260 3.8 3.8 40 0 0 0
Tower 0 24 54 0 -34 86 -260 3.8 3.8 40 0 0 0
Tower 0 24 55 0 -34 90 -260 3.8 3.8 40 0 0 0
Tower 0 24 56 0 -34 94 -260 3.8 3.8 40 0 0 0
Tower 0 24 57 0 -34 98 -260 3.8 3.8 40 0 0 0
Tower 0 24 58 0 -34 102 -260 3.8 3.8 40 0 0 0
Tower 0 24 59 0 -34 106 -260 3.8 3.8 40 0 0 0
Tower 0 24 60 0 -34 110 -260 3.8 3.8 40 0 0 0
Tower 0 24 61 0 -34 114 -260 3.8 3.8 40 0 0 0
Tower 0 24 62 0 -34 118 -260 3.8 3.8 40 0 0 0
Tower 0 24 63 0 -34 122 -260 3.8 3.8 40 0 0 0
Tower 0 24 64 0 -34 126 -260 3.8 3.8 40 0 0 0
Tower 0 25 1 0 -30 -126 -260 3.8 3.8 40 0 0 0
Tower 0 25 2 0 -30 -122 -260 3.8 3.8 40 0 0 0
Tower 0 25 3 0 -30 -118 -260 3.8 3.8 40 0 0 0
Tower 0 25 4 0 -30 -114 -260 3.8 3.8 40 0 0 0
Tower 0 25 5 0 -30 -110 -260 3.8 3.8 40 0 0 0
Tower 0 25 6 0 -30 -106 -260 3.8 3.8 40 0 0 0
Tower 0 25 7 0 -30 -102 -260 3.8 3.8 40 0 0 0
Tower 0 25 8 0 -30 -98 -260 3.8 3.8 40 0 0 0
Tower 0 25 9 0 -30 -94 -260 3.8 3.8 40 0 0 0
Tower 0 25 10 0 -30 -90 -260 3.8 3.8 40 0 0 0
Tower 0 25 11 0 -30 -86 -260 3.8 3.8 40 0 0 0
Tower 0 25 12 0 -30 -82 -260 3.8 3.8 40 0 0 0
Tower 0 25 53 0 -30 82 -260 3.8 3.8 40 0 0 0
Tower 0 25 54 0 -30 86 -260 3.8 3.8 40 0 0 0
Tower 0 25 55 0 -30 90 -260 3.8 3.8 40 0 0 0
Tower 0 25 56 0 -30 94 -260 3.8 3.8 40 0 0 0
Tower 0 25 57 0 -30 98 -260 3.8 3.8 40 0 0 0
Tower 0 25 58 0 -30 102 -260 3.8 3.8 40 0 0 0
Tower 0 25 59 0 -30 106 -260 3.8 3.8 40 0 0 0
Tower 0 25 60 0 -30 110 -260 3.8 3.8 40 0 0 0
Tower 0 25 61 0 -30 114 -260 3.8 3.8 40 0 0 0
Tower 0 25 62 0 -30 118 -260 3.8 3.8 40 0 0 0
Tower 0 25 63 0 -30 122 -260 3.8 3.8 40 0 0 0
Tower 0 25 64 0 -30 126 -260 3.8 3.8 40 0 0 0
Tower 0 26 1 0 -26 -126 -260 3.8 3.8 40 0 0 0
Tower 0 26 2 0 -26 -122 -260 3.8 3.8 40 0 0 0
Tower 0 26 3 0 -26 -118 -260 3.8 3.8 40 0 0 0
Tower 0 26 4 0 -26 -114 -260 3.8 3.8 40 0 0 0
Tower 0 26 5 0 -26 -110 -260 3.8 3.8 40 0 0 0
Tower 0 26 6 0 -26 -106 -260 3.8 3.8 40 0 0 0
Tower 0 26 7 0 -26 -102 -260 3.8 3.8 40 0 0 0
Tower 0 26 8 0 -26 -98 -260 3.8 3.8 40 0 0 0
Tower 0 26 9 0 -26 -94 -260 3.8 3.8 40 0 0 0
Tower 0 26 10 0 -26 -90 -260 3.8 3.8 40 0 0 0
Tower 0 26 11 0 -26 -86 -260 3.8 3.8 40 0 0 0
Tower 0 26 12 0 -26 -82 -260 3.8 3.8 40 0 0 0
Tower 0 26 53 0 -26 82 -260 3.8 3.8 40 0 0 0
Tower 0 26 54 0 -26 86 -260 3.8 3.8 40 0 0 0
Tower 0 26 55 0 -26 90 -260 3.8 3.8 40 0 0 0
Tower 0 26 56 0 -26 94 -260 3.8 3.8 40 0 0 0
Tower 0 26 57 0 -26 98 -260 3.8 3.8 40 0 0 0
Tower 0 26 58 0 -26 102 -260 3.8 3.8 40 0 0 0
Tower 0 26 59 0 -26 106 -260 3.8 3.8 40 0 0 0
Tower 0 26 60 0 -26 110 -260 3.8 3.8 40 0 0 0
Tower 0 26 61 0 -26 114 -260 3.8 3.8 40 0 0 0
Tower 0 26 62 0 -26 118 -260 3.8 3.8 40 0 0 0
Tower 0 26 63 0 -26 122 -260 3.8 3.8 40 0 0 0
Tower 0 26 64 0 -26 126 -260 3.8 3.8 40 0 0 0
Tower 0 27 0 0 -22 -130 -260 3.8 3.8 40 0 0 0
Tower 0 27 1 0 -22 -126 -260 3.8 3.8 40 0 0 0
Tower 0 27 2 0 -22 -122 -260 3.8 3.8 40 0 0 0
Tower 0 27 3 0 -22 -118 -260 3.8 3.8 40 0 0 0
Tower 0 27 4 0 -22 -114 -260 3.8 3.8 40 0 0 0
Tower 0 27 5 0 -22 -110 -260 3.8 3.8 40 0 0 0
Tower 0 27 6 0 -22 -106 -260 3.8 3.8 40 0 0 0
Tower 0 27 7 0 -22 -102 -260 3.8 3.8 40 0 0 0
Tower 0 27 8 0 -22 -98 -260 3.8 3.8 40 0 0 0
Tower 0 27 9 0 -22 -94 -260 3.8 3.8 40 0 0 0
Tower 0 27 10 0 -22 -90 -260 3.8 3.8 40 0 0 0
Tower 0 27 11 0 -22 -86 -260 3.8 3.8 40 0 0 0
Tower 0 27 12 0 -22 -82 -260 3.8 3.8 40 0 0 0
Tower 0 27 53 0 -22 82 -260 3.8 3.8 40 0 0 0
Tower 0 27 54 0 -22 86 -260 3.8 3.8 40 0 0 0
Tower 0 27 55 0 -22 90 -260 3.8 3.8 40 0 0 0
Tower 0 27 56 0 -22 94 -260 3.8 3.8 40 0 0 0
Tower 0 27 57 0 -22 98 -260 3.8 3.8 40 0 0 0
Tower 0 27 58 0 -22 102 -260 3.8 3.8 40 0 0 0
Tower 0 27 59 0 -22 106 -260 3.8 3.8 40 0 0 0
Tower 0 27 60 0 -22 110 -260 3.8 3.8 40 0 0 0
Tower 0 27 61 0 -22 114 -260 3.8 3.8 40 0 0 0
Tower 0 27 62 0 -22 118 -260 3.8 3.8 40 0 0 0
Tower 0 27 63 0 -22 122 -260 3.8 3.8 40 0 0 0
Tower 0 27 64 0 -22 126 -260 3.8 3.8 40 0 0 0
Tower 0 27 65 0 -22 130 -260 3.8 3.8 40 0 0 0
Tower 0 28 0 0 -18 -130 -260 3.8 3.8 40 0 0 0
Tower 0 28 1 0 -18 -126 -260 3.8 3.8 40 0 0 0
Tower 0 28 2 0 -18 -122 -260 3.8 3.8 40 0 0 0
Tower 0 28 3 0 -18 -118 -260 3.8 3.8 40 0 0 0
Tower 0 28 4 0 -18 -114 -260 3.8 3.8 40 0 0 0
Tower 0 28 5 0 -18 -110 -260 3.8 3.8 40 0 0 0
Tower 0 28 6 0 -18 -106 -260 3.8 3.8 40 0 0 0
Tower 0 28 7 0 -18 -102 -260 3.8 3.8 40 0 0 0
Tower 0 28 8 0 -18 -98 -260 3.8 3.8 40 0 0 0
Tower 0 28 9 0 -18 -94 -260 3.8 3.8 40 0 0 0
Tower 0 28 10 0 -18 -90 -260 3.8 3.8 40 0 0 0
Tower 0 28 11 0 -18 -86 -260 3.8 3.8 40 0 0 0
Tower 0 28 54 0 -18 86 -260 3.8 3.8 40 0 0 0
Tower 0 28 55 0 -18 90 -260 3.8 3.8 40 0 0 0
Tower 0 28 56 0 -18 94 -260 3.8 3.8 40 0 0 0
Tower 0 28 57 0 -18 98 -260 3.8 3.8 40 0 0 0
Tower 0 28 58 0 -18 102 -260 3.8 3.8 40 0 0 0
Tower 0 28 59 0 -18 106 -260 3.8 3.8 40 0 0 0
Tower 0 28 60 0 -18 110 -260 3.8 3.8 40 0 0 0
Tower 0 28 61 0 -18 114 -260 3.8 3.8 40 0 0 0
Tower 0 28 62 0 -18 118 -260 3.8 3.8 40 0 0 0
Tower 0 28 63 0 -18 122 -260 3.8 3.8 40 0 0 0
Tower 0 28 64 0 -18 126 -260 3.8 3.8 40 0 0 0
Tower 0 28 65 0 -18 130 -260 3.8 3.8 40 0 0 0
Tower 0 29 0 0 -14 -130 -260 3.8 3.8 40 0 0 0
Tower 0 29 1 0 -14 -126 -260 3.8 3.8 40 0 0 0
Tower 0 29 2 0 -14 -122 -260 3.8 3.8 40 0 0 0
Tower 0 29 3 0 -14 -118 -260 3.8 3.8 40 0 0 0
Tower 0 29 4 0 -14 -114 -260 3.8 3.8 40 0 0 0
Tower 0 29 5 0 -14 -110 -260 3.8 3.8 40 0 0 0
Tower 0 29 6 0 -14 -106 -260 3.8 3.8 40 0 0 0
Tower 0 29 7 0 -14 -102 -260 3.8 3.8 40 0 0 0
Tower 0 29 8 0 -14 -98 -260 3.8 3.8 40 0 0 0
Tower 0 29 9 0 -14 -94 -260 3.8 3.8 40 0 0 0
Tower 0 29 10 0 -14 -90 -260 3.8 3.8 40 0 0 0
Tower 0 29 11 0 -14 -86 -260 3.8 3.8 40 0 0 0
Tower 0 29 54 0 -14 86 -260 3.8 3.8 40 0 0 0
Tower 0 29 55 0 -14 90 -260 3.8 3.8 40 0 0 0
Tower 0 29 56 0 -14 94 -260 3.8 3.8 40 0 0 0
Tower 0 29 57 0 -14 98 -260 3.8 3.8 40 0 0 0
Tower 0 29 58 0 -14 102 -260 3.8 3.8 40 0 0 0
Tower 0 29 59 0 -14 106 -260 3.8 3.8 40 0 0 0
Tower 0 29 60 0 -14 110 -260 3.8 3.8 40 0 0 0
Tower 0 29 61 0 -14 114 -260 3.8 3.8 40 0 0 0
Tower 0 29 62 0 -14 118 -260 3.8 3.8 40 0 0 0
Tower 0 29 63 0 -14 122 -260 3.8 3.8 40 0 0 0
Tower 0 29 64 0 -14 126 -260 3.8 3.8 40 0 0 0
Tower 0 29 65 0 -14 130 -260 3.8 3.8 40 0 0 0
Tower 0 30 0 0 -10 -130 -260 3.8 3.8 40 0 0 0
Tower 0 30 1 0 -10 -126 -260 3.8 3.8 40 0 0 0
Tower 0 30 2 0 -10 -122 -260 3.8 3.8 40 0 0 0
Tower 0 30 3 0 -10 -118 -260 3.8 3.8 40 0 0 0
Tower 0 30 4 0 -10 -114 -260 3.8 3.8 40 0 0 0
Tower 0 30 5 0 -10 -110 -260 3.8 3.8 40 0 0 0
Tower 0 30 6 0 -10 -106 -260 3.8 3.8 40 0 0 0
Tower 0 30 7 0 -10 -102 -260 3.8 3.8 40 0 0 0
Tower 0 30 8 0 -10 -98 -260 3.8 3.8 40 0 0 0
Tower 0 30 9 0 -10 -94 -260 3.8 3.8 40 0 0 0
Tower 0 30 10 0 -10 -90 -260 3.8 3.8 40 0 0 0
Tower 0 30 11 0 -10 -86 -260 3.8 3.8 40 0 0 0
Tower 0 30 54 0 -10 86 -260 3.8 3.8 40 0 0 0
Tower 0 30 55 0 -10 90 -260 3.8 3.8 40 0 0 0
Tower 0 30 56 0 -10 94 -260 3.8 3.8 40 0 0 0
Tower 0 30 57 0 -10 98 -260 3.8 3.8 40 0 0 0
Tower 0 30 58 0 -10 102 -260 3.8 3.8 40 0 0 0
Tower 0 30 59 0 -10 106 -260 3.8 3.8 40 0 0 0
Tower 0 30 60 0 -10 110 -260 3.8 3.8 40 0 0 0
Tower 0 30 61 0 -10 114 -260 3.8 3.8 40 0 0 0
Tower 0 30 62 0 -10 118 -260 3.8 3.8 40 0 0 0
Tower 0 30 63 0 -10 122 -260 3.8 3.8 40 0 0 0
Tower 0 30 64 0 -10 126 -260 3.8 3.8 40 0 0 0
Tower 0 30 65 0 -10 130 -260 3.8 3.8 40 0 0 0
Tower 0 31 0 0 -6 -130 -260 3.8 3.8 40 0 0 0
Tower 0 31 1 0 -6 -126 -260 3.8 3.8 40 0 0 0
Tower 0 31 2 0 -6 -122 -260 3.8 3.8 40 0 0 0
Tower 0 31 3 0 -6 -118 -260 3.8 3.8 40 0 0 0
Tower 0 31 4 0 -6 -114 -260 3.8 3.8 40 0 0 0
Tower 0 31 5 0 -6 -110 -260 3.8 3.8 40 0 0 0
Tower 0 31 6 0 -6 -106 -260 3.8 3.8 40 0 0 0
Tower 0 31 7 0 -6 -102 -260 3.8 3.8 40 0 0 0
Tower 0 31 8 0 -6 -98 -260 3.8 3.8 40 0 0 0
Tower 0 31 9 0 -6 -94 -260 3.8 3.8 40 0 0 0
Tower 0 31 10 0 -6 -90 -260 3.8 3.8 40 0 0 0
Tower 0 31 11 0 -6 -86 -260 3.8 3.8 40 0 0 0
Tower 0 31 54 0 -6 86 -260 3.8 3.8 40 0 0 0
Tower 0 31 55 0 -6 90 -260 3.8 3.8 40 0 0 0
Tower 0 31 56 0 -6 94 -260 3.8 3.8 40 0 0 0
Tower 0 31 57 0 -6 98 -260 3.8 3.8 40 0 0 0
Tower 0 31 58 0 -6 102 -260 3.8 3.8 40 0 0 0
Tower 0 31 59 0 -6 106 -260 3.8 3.8 40 0 0 0
Tower 0 31 60 0 -6 110 -260 3.8 3.8 40 0 0 0
Tower 0 31 61 0 -6 114 -260 3.8 3.8 40 0 0 0
Tower 0 31 62 0 -6 118 -260 3.8 3.8 40 0 0 0
Tower 0 31 63 0 -6 122 -260 3.8 3.8 40 0 0 0
Tower 0 31 64 0 -6 126 -260 3.8 3.8 40 0 0 0
Tower 0 31 65 0 -6 130 -260 3.8 3.8 40 0 0 0
Tower 0 32 0 0 -2 -130 -260 3.8 3.8 40 0 0 0
Tower 0 32 1 0 -2 -126 -260 3.8 3.8 40 0 0 0
Tower 0 32 2 0 -2 -122 -260 3.8 3.8 40 0 0 0
Tower 0 32 3 0 -2 -118 -260 3.8 3.8 40 0 0 0
Tower 0 32 4 0 -2 -114 -260 3.8 3.8 40 0 0 0
Tower 0 32 5 0 -2 -110 -260 3.8 3.8 40 0 0 0
Tower 0 32 6 0 -2 -106 -260 3.8 3.8 40 0 0 0
Tower 0 32 7 0 -2 -102 -260 3.8 3.8 40 0 0 0
Tower 0 32 8 0 -2 -98 -260 3.8 3.8 40 0 0 0
Tower 0 32 9 0 -2 -94 -260 3.8 3.8 40 0 0 0
Tower 0 32 10 0 -2 -90 -260 3.8 3.8 40 0 0 0
Tower 0 32 11 0 -2 -86 -260 3.8 3.8 40 0 0 0
Tower 0 32 54 0 -2 86 -260 3.8 3.8 40 0 0 0
Tower 0 32 55 0 -2 90 -260 3.8 3.8 40 0 0 0
Tower 0 32 56 0 -2 94 -260 3.8 3.8 40 0 0 0
Tower 0 32 57 0 -2 98 -260 3.8 3.8 40 0 0 0
Tower 0 32 58 0 -2 102 -260 3.8 3.8 40 0 0 0
Tower 0 32 59 0 -2 106 -260 3.8 3.8 40 0 0 0
Tower 0 32 60 0 -2 110 -260 3.8 3.8 40 0 0 0
Tower 0 32 61 0 -2 114 -260 3.8 3.8 40 0 0 0
Tower 0 32 62 0 -2 118 -260 3.8 3.8 40 0 0 0
Tower 0 32 63 0 -2 122 -260 3.8 3.8 40 0 0 0
Tower 0 32 64 0 -2 126 -260 3.8 3.8 40 0 0 0
Tower 0 32 65 0 -2 130 -260 3.8 3.8 40 0 0 0
Tower 0 33 0 0 2 -130 -260 3.8 3.8 40 0 0 0
Tower 0 33 1 0 2 -126 -260 3.8 3.8 40 0 0 0
Tower 0 33 2 0 2 -122 -260 3.8 3.8 40 0 0 0
Tower 0 33 3 0 2 -118 -260 3.8 3.8 40 0 0 0
Tower 0 33 4 0 2 -114 -260 3.8 3.8 40 0 0 0
Tower 0 33 5 0 2 -110 -260 3.8 3.8 40 0 0 0
Tower 0 33 6 0 2 -106 -260 3.8 3.8 40 0 0 0
Tower 0 33 7 0 2 -102 -260 3.8 3.8 40 0 0 0
Tower 0 33 8 0 2 -98 -260 3.8 3.8 40 0 0 0
Tower 0 33 9 0 2 -94 -260 3.8 3.8 40 0 0 0
Tower 0 33 10 0 2 -90 -260 3.8 3.8 40 0 0 0
Tower 0 33 11 0 2 -86 -260 3.8 3.8 40 0 0 0
Tower 0 33 54 0 2 86 -260 3.8 3.8 40 0 0 0
Tower 0 33 55 0 2 90 -260 3.8 3.8 40 0 0 0
Tower 0 33 56 0 2 94 -260 3.8 3.8 40 0 0 0
Tower 0 33 57 0 2 98 -260 3.8 3.8 40 0 0 0
Tower 0 33 58 0 2 102 -260 3.8 3.8 40 0 0 0
Tower 0 33 59 0 2 106 -260 3.8 3.8 40 0 0 0
Tower 0 33 60 0 2 110 -260 3.8 3.8 40 0 0 0
Tower 0 33 61 0 2 114 -260 3.8 3.8 40 0 0 0
Tower 0 33 62 0 2 118 -260 3.8 3.8 40 0 0 0
Tower 0 33 63 0 2 122 -260 3.8 3.8 40 0 0 0
Tower 0 33 64 0 2 126 -260 3.8 3.8 40 0 0 0
Tower 0 33 65 0 2 130 -260 3.8 3.8 40 0 0 0
Tower 0 34 0 0 6 -130 -260 3.8 3.8 40 0 0 0
Tower 0 34 1 0 6 -126 -260 3.8 3.8 40 0 0 0
Tower 0 34 2 0 6 -122 -260 3.8 3.8 40 0 0 0
Tower 0 34 3 0 6 -118 -260 3.8 3.8 40 0 0 0
Tower 0 34 4 0 6 -114 -260 3.8 3.8 40 0 0 0
Tower 0 34 5 0 6 -110 -260 3.8 3.8 40 0 0 0
Tower 0 34 6 0 6 -106 -260 3.8 3.8 40 0 0 0
Tower 0 34 7 0 6 -102 -260 3.8 3.8 40 0 0 0
Tower 0 34 8 0 6 -98 -260 3.8 3.8 40 0 0 0
Tower 0 34 9 0 6 -94 -260 3.8 3.8 40 0 0 0
Tower 0 34 10 0 6 -90 -260 3.8 3.8 40 0 0 0
Tower 0 34 11 0 6 -86 -260 3.8 3.8 40 0 0 0
Tower 0 34 54 0 6 86 -260 3.8 3.8 40 0 0 0
Tower 0 34 55 0 6 90 -260 3.8 3.8 40 0 0 0
Tower 0 34 56 0 6 94 -260 3.8 3.8 40 0 0 0
Tower 0 34 57 0 6 98 -260 3.8 3.8 40 0 0 0
Tower 0 34 58 0 6 102 -260 3.8 3.8 40 0 0 0
Tower 0 34 59 0 6 106 -260 3.8 3.8 40 0 0 0
Tower 0 34 60 0 6 110 -260 3.8 3.8 40 0 0 0
Tower 0 34 61 0 6 114 -260 3.8 3.8 40 0 0 0
Tower 0 34 62 0 6 118 -260 3.8 3.8 40 0 0 0
Tower 0 34 63 0 6 122 -260 3.8 3.8 40 0 0 0
Tower 0 34 64 0 6 126 -260 3.8 3.8 40 0 0 0
Tower 0 34 65 0 6 130 -260 3.8 3.8 40 0 0 0
Tower 0 35 0 0 10 -130 -260 3.8 3.8 40 0 0 0
Tower 0 35 1 0 10 -126 -260 3.8 3.8 40 0 0 0
Tower 0 35 2 0 10 -122 -260 3.8 3.8 40 0 0 0
Tower 0 35 3 0 10 -118 -260 3.8 3.8 40 0 0 0
Tower 0 35 4 0 10 -114 -260 3.8 3.8 40 0 0 0
Tower 0 35 5 0 10 -110 -260 3.8 3.8 40 0 0 0
Tower 0 35 6 0 10 -106 -260 3.8 3.8 40 0 0 0
Tower 0 35 7 0 10 -102 -260 3.8 3.8 40 0 0 0
Tower 0 35 8 0 10 -98 -260 3.8 3.8 40 0 0 0
Tower 0 35 9 0 10 -94 -260 3.8 3.8 40 0 0 0
Tower 0 35 10 0 10 -90 -260 3.8 3.8 40 0 0 0
Tower 0 35 11 0 10 -86 -260 3.8 3.8 40 0 0 0
Tower 0 35 54 0 10 86 -260 3.8 3.8 40 0 0 0
Tower 0 35 55 0 10 90 -260 3.8 3.8 40 0 0 0
Tower 0 35 56 0 10 94 -260 3.8 3.8 40 0 0 0
Tower 0 35 57 0 10 98 -260 3.8 3.8 40 0 0 0
Tower 0 35 58 0 10 102 -260 3.8 3.8 40 0 0 0
Tower 0 35 59 0 10 106 -260 3.8 3.8 40 0 0 0
Tower 0 35 60 0 10 110 -260 3.8 3.8 40 0 0 0
Tower 0 35 61 0 10 114 -260 3.8 3.8 40 0 0 0
Tower 0 35 62 0 10 118 -260 3.8 3.8 40 0 0 0
Tower 0 35 63 0 10 122 -260 3.8 3.8 40 0 0 0
Tower 0 35 64 0 10 126 -260 3.8 3.8 40 0 0 0
Tower 0 35 65 0 10 130 -260 3.8 3.8 40 0 0 0
Tower 0 36 0 0 14 -130 -260 3.8 3.8 40 0 0 0
Tower 0 36 1 0 14 -126 -260 3.8 3.8 40 0 0 0
Tower 0 36 2 0 14 -122 -260 3.8 3.8 40 0 0 0
Tower 0 36 3 0 14 -118 -260 3.8 3.8 40 0 0 0
Tower 0 36 4 0 14 -114 -260 3.8 3.8 40 0 0 0
Tower 0 36 5 0 14 -110 -260 3.8 3.8 40 0 0 0
Tower 0 36 6 0 14 -106 -260 3.8 3.8 40 0 0 0
Tower 0 36 7 0 14 -102 -260 3.8 3.8 40 0 0 0
Tower 0 36 8 0 14 -98 -260 3.8 3.8 40 0 0 0
Tower 0 36 9 0 14 -94 -260 3.8 3.8 40 0 0 0
Tower 0 36 10 0 14 -90 -260 3.8 3.8 40 0 0 0
Tower 0 36 11 0 14 -86 -260 3.8 3.8 40 0 0 0
Tower 0 36 54 0 14 86 -260 3.8 3.8 40 0 0 0
Tower 0 36 55 0 14 90 -260 3.8 3.8 40 0 0 0
Tower 0 36 56 0 14 94 -260 3.8 3.8 40 0 0 0
Tower 0 36 57 0 14 98 -260 3.8 3.8 40 0 0 0
Tower 0 36 58 0 14 102 -260 3.8 3.8 40 0 0 0
Tower 0 36 59 0 14 106 -260 3.8 3.8 40 0 0 0
Tower 0 36 60 0 14 110 -260 3.8 3.8 40 0 0 0
Tower 0 36 61 0 14 114 -260 3.8 3.8 40 0 0 0
Tower 0 36 62 0 14 118 -260 3.8 3.8 40 0 0 0
Tower 0 36 63 0 14 122 -260 3.8 3.8 40 0 0 0
Tower 0 36 64 0 14 126 -260 3.8 3.8 40 0 0 0
Tower 0 36 65 0 14 130 -260 3.8 3.8 40 0 0 0
Tower 0 37 0 0 18 -130 -260 3.8 3.8 40 0 0 0
Tower 0 37 1 0 18 -126 -260 3.8 3.8 40 0 0 0
Tower 0 37 2 0 18 -122 -260 3.8 3.8 40 0 0 0
Tower 0 37 3 0 18 -118 -260 3.8 3.8 40 0 0 0
Tower 0 37 4 0 18 -114 -260 3.8 3.8 40 0 0 0
Tower 0 37 5 0 18 -110 -260 3.8 3.8 40 0 0 0
Tower 0 37 6 0 18 -106 -260 3.8 3.8 40 0 0 0
Tower 0 37 7 0 18 -102 -260 3.8 3.8 40 0 0 0
Tower 0 37 8 0 18 -98 -260 3.8 3.8 40 0 0 0
Tower 0 37 9 0 18 -94 -260 3.8 3.8 40 0 0 0
Tower 0 37 10 0 18 -90 -260 3.8 3.8 40 0 0 0
Tower 0 37 11 0 18 -86 -260 3.8 3.8 40 0 0 0
Tower 0 37 54 0 18 86 -260 3.8 3.8 40 0 0 0
Tower 0 37 55 0 18 90 -260 3.8 3.8 40 0 0 0
Tower 0 37 56 0 18 94 -260 3.8 3.8 40 0 0 0
Tower 0 37 57 0 18 98 -260 3.8 3.8 40 0 0 0
Tower 0 37 58 0 18 102 -260 3.8 3.8 40 0 0 0
Tower 0 37 59 0 18 106 -260 3.8 3.8 40 0 0 0
Tower 0 37 60 0 18 110 -260 3.8 3.8 40 0 0 0
Tower 0 37 61 0 18 114 -260 3.8 3.8 40 0 0 0
Tower 0 37 62 0 18 118 -260 3.8 3.8 40 0 0 0
Tower 0 37 63 0 18 122 -260 3.8 3.8 40 0 0 0
Tower 0 37 64 0 18 126 -260 3.8 3.8 40 0 0 0
Tower 0 37 65 0 18 130 -260 3.8 3.8 40 0 0 0
Tower 0 38 0 0 22 -130 -260 3.8 3.8 40 0 0 0
Tower 0 38 1 0 22 -126 -260 3.8 3.8 40 0 0 0
Tower 0 38 2 0 22 -122 -260 3.8 3.8 40 0 0 0
Tower 0 38 3 0 22 -118 -260 3.8 3.8 40 0 0 0
Tower 0 38 4 0 22 -114 -260 3.8 3.8 40 0 0 0
Tower 0 38 5 0 22 -110 -260 3.8 3.8 40 0 0 0
Tower 0 38 6 0 22 -106 -260 3.8 3.8 40 0 0 0
Tower 0 38 7 0 22 -102 -260 3.8 3.8 40 0 0 0
Tower 0 38 8 0 22 -98 -260 3.8 3.8 40 0 0 0
Tower 0 38 9 0 22 -94 -260 3.8 3.8 40 0 0 0
Tower 0 38 10 0 22 -90 -260 3.8 3.8 40 0 0 0
Tower 0 38 11 0 22 -86 -260 3.8 3.8 40 0 0 0
Tower 0 38 12 0 22 -82 -260 3.8 3.8 40 0 0 0
Tower 0 38 53 0 22 82 -260 3.8 3.8 40 0 0 0
Tower 0 38 54 0 22 86 -260 3.8 3.8 40 0 0 0
Tower 0 38 55 0 22 90 -260 3.8 3.8 40 0 0 0
Tower 0 38 56 0 22 94 -260 3.8 3.8 40 0 0 0
Tower 0 38 57 0 22 98 -260 3.8 3.8 40 0 0 0
Tower 0 38 58 0 22 102 -260 3.8 3.8 40 0 0 0
Tower 0 38 59 0 22 106 -260 3.8 3.8 40 0 0 0
Tower 0 38 60 0 22 110 -260 3.8 3.8 40 0 0 0
Tower 0 38 61 0 22 114 -260 3.8 3.8 40 0 0 0
Tower 0 38 62 0 22 118 -260 3.8 3.8 40 0 0 0
Tower 0 38 63 0 22 122 -260 3.8 3.8 40 0 0 0
Tower 0 38 64 0 22 126 -260 3.8 3.8 40 0 0 0
Tower 0 38 65 0 22 130 -260 3.8 3.8 40 0 0 0
Tower 0 39 1 0 26 -126 -260 3.8 3.8 40 0 0 0
Tower 0 39 2 0 26 -122 -260 3.8 3.8 40 0 0 0
Tower 0 39 3 0 26 -118 -260 3.8 3.8 40 0 0 0
Tower 0 39 4 0 26 -114 -260 3.8 3.8 40 0 0 0
Tower 0 39 5 0 26 -110 -260 3.8 3.8 40 0 0 0
Tower 0 39 6 0 26 -106 -260 3.8 3.8 40 0 0 0
Tower 0 39 7 0 26 -102 -260 3.8 3.8 40 0 0 0
Tower 0 39 8 0 26 -98 -260 3.8 3.8 40 0 0 0
Tower 0 39 9 0 26 -94 -260 3.8 3.8 40 0 0 0
Tower 0 39 10 0 26 -90 -260 3.8 3.8 40 0 0 0
Tower 0 39 11 0 26 -86 -260 3.8 3.8 40 0 0 0
Tower 0 39 12 0 26 -82 -260 3.8 3.8 40 0 0 0
Tower 0 39 53 0 26 82 -260 3.8 3.8 40 0 0 0
Tower 0 39 54 0 26 86 -260 3.8 3.8 40 0 0 0
Tower 0 39 55 0 26 90 -260 3.8 3.8 40 0 0 0
Tower 0 39 56 0 26 94 -260 3.8 3.8 40 0 0 0
Tower 0 39 57 0 26 98 -260 3.8 3.8 40 0 0 0
Tower 0 39 58 0 26 102 -260 3.8 3.8 40 0 0 0
Tower 0 39 59 0 26 106 -260 3.8 3.8 40 0 0 0
Tower 0 39 60 0 26 110 -260 3.8 3.8 40 0 0 0
Tower 0 39 61 0 26 114 -260 3.8 3.8 40 0 0 0
Tower 0 39 62 0 26 118 -260 3.8 3.8 40 0 0 0
Tower 0 39 63 0 26 122 -260 3.8 3.8 40 0 0 0
Tower 0 39 64 0 26 126 -260 3.8 3.8 40 0 0 0
Tower 0 40 1 0 30 -126 -260 3.8 3.8 40 0 0 0
Tower 0 40 2 0 30 -122 -260 3.8 3.8 40 0 0 0
Tower 0 40 3 0 30 -118 -260 3.8 3.8 40 0 0 0
Tower 0 40 4 0 30 -114 -260 3.8 3.8 40 0 0 0
Tower 0 40 5 0 30 -110 -260 3.8 3.8 40 0 0 0
Tower 0 40 6 0 30 -106 -260 3.8 3.8 40 0 0 0
Tower 0 40 7 0 30 -102 -260 3.8 3.8 40 0 0 0
Tower 0 40 8 0 30 -98 -260 3.8 3.8 40 0 0 0
Tower 0 40 9 0 30 -94 -260 3.8 3.8 40 0 0 0
Tower 0 40 10 0 30 -90 -260 3.8 3.8 40 0 0 0
Tower 0 40 11 0 30 -86 -260 3.8 3.8 40 0 0 0
Tower 0 40 12 0 30 -82 -260 3.8 3.8 40 0 0 0
Tower 0 40 53 0 30 82 -260 3.8 3.8 40 0 0 0
Tower 0 40 54 0 30 86 -260 3.8 3.8 40 0 0 0
Tower 0 40 55 0 30 90 -260 3.8 3.8 40 0 0 0
Tower 0 40 56 0 30 94 -260 3.8 3.8 40 0 0 0
Tower 0 40 57 0 30 98 -260 3.8 3.8 40 0 0 0
Tower 0 40 58 0 30 102 -260 3.8 3.8 40 0 0 0
Tower 0 40 59 0 30 106 -260 3.8 3.8 40 0 0 0
Tower 0 40 60 0 30 110 -260 3.8 3.8 40 0 0 0
Tower 0 40 61 0 30 114 -260 3.8 3.8 40 0 0 0
Tower 0 40 62 0 30 118 -260 3.8 3.8 40 0 0 0
Tower 0 40 63 0 30 122 -260 3.8 3.8 40 0 0 0
Tower 0 40 64 0 30 126 -260 3.8 3.8 40 0 0 0
Tower 0 41 1 0 34 -126 -260 3.8 3.8 40 0 0 0
Tower 0 41 2 0 34 -122 -260 3.8 3.8 40 0 0 0
Tower 0 41 3 0 34 -118 -260 3.8 3.8 40 0 0 0
Tower 0 41 4 0 34 -114 -260 3.8 3.8 40 0 0 0
Tower 0 41 5 0 34 -110 -260 3.8 3.8 40 0 0 0
Tower 0 41 6 0 34 -106 -260 3.8 3.8 40 0 0 0
Tower 0 41 7 0 34 -102 -260 3.8 3.8 40 0 0 0
Tower 0 41 8 0 34 -98 -260 3.8 3.8 40 0 0 0
Tower 0 41 9 0 34 -94 -260 3.8 3.8 40 0 0 0
Tower 0 41 10 0 34 -90 -260 3.8 3.8 40 0 0 0
Tower 0 41 11 0 34 -86 -260 3.8 3.8 40 0 0 0
Tower 0 41 12 0 34 -82 -260 3.8 3.8 40 0 0 0
Tower 0 41 13 0 34 -78 -260 3.8 3.8 40 0 0 0
Tower 0 41 52 0 34 78 -260 3.8 3.8 40 0 0 0
Tower 0 41 53 0 34 82 -260 3.8 3.8 40 0 0 0
Tower 0 41 54 0 34 86 -260 3.8 3.8 40 0 0 0
Tower 0 41 55 0 34 90 -260 3.8 3.8 40 0 0 0
Tower 0 41 56 0 34 94 -260 3.8 3.8 40 0 0 0
Tower 0 41 57 0 34 98 -260 3.8 3.8 40 0 0 0
Tower 0 41 58 0 34 102 -260 3.8 3.8 40 0 0 0
Tower 0 41 59 0 34 106 -260 3.8 3.8 40 0 0 0
Tower 0 41 60 0 34 110 -260 3.8 3.8 40 0 0 0
Tower 0 41 61 0 34 114 -260 3.8 3.8 40 0 0 0
Tower 0 41 62 0 34 118 -260 3.8 3.8 40 0 0 0
Tower 0 41 63 0 34 122 -260 3.8 3.8 40 0 0 0
Tower 0 41 64 0 34 126 -260 3.8 3.8 40 0 0 0
Tower 0 42 1 0 38 -126 -260 3.8 3.8 40 0 0 0
Tower 0 42 2 0 38 -122 -260 3.8 3.8 40 0 0 0
Tower 0 42 3 0 38 -118 -260 3.8 3.8 40 0 0 0
Tower 0 42 4 0 38 -114 -260 3.8 3.8 40 0 0 0
Tower 0 42 5 0 38 -110 -260 3.8 3.8 40 0 0 0
Tower 0 42 6 0 38 -106 -260 3.8 3.8 40 0 0 0
Tower 0 42 7 0 38 -102 -260 3.8 3.8 40 0 0 0
Tower 0 42 8 0 38 -98 -260 3.8 3.8 40 0 0 0
Tower 0 42 9 0 38 -94 -260 3.8 3.8 40 0 0 0
Tower 0 42 10 0 38 -90 -260 3.8 3.8 40 0 0 0
Tower 0 42 11 0 38 -86 -260 3.8 3.8 40 0 0 0
Tower 0 42 12 0 38 -82 -260 3.8 3.8 40 0 0 0
Tower 0 42 13 0 38 -78 -260 3.8 3.8 40 0 0 0
Tower 0 42 52 0 38 78 -260 3.8 3.8 40 0 0 0
Tower 0 42 53 0 38 82 -260 3.8 3.8 40 0 0 0
Tower 0 42 54 0 38 86 -260 3.8 3.8 40 0 0 0
Tower 0 42 55 0 38 90 -260 3.8 3.8 40 0 0 0
Tower 0 42 56 0 38 94 -260 3.8 3.8 40 0 0 0
Tower 0 42 57 0 38 98 -260 3.8 3.8 40 0 0 0
Tower 0 42 58 0 38 102 -260 3.8 3.8 40 0 0 0
Tower 0 42 59 0 38 106 -260 3.8 3.8 40 0 0 0
Tower 0 42 60 0 38 110 -260 3.8 3.8 40 0 0 0
Tower 0 42 61 0 38 114 -260 3.8 3.8 40 0 0 0
Tower 0 42 62 0 38 118 -260 3.8 3.8 40 0 0 0
Tower 0 42 63 0 38 122 -260 3.8 3.8 40 0 0 0
Tower 0 42 64 0 38 126 -260 3.8 3.8 40 0 0 0
Tower 0 43 2 0 42 -122 -260 3.8 3.8 40 0 0 0
Tower 0 43 3 0 42 -118 -260 3.8 3.8 40 0 0 0
Tower 0 43 4 0 42 -114 -260 3.8 3.8 40 0 0 0
Tower 0 43 5 0 42 -110 -260 3.8 3.8 40 0 0 0
Tower 0 43 6 0 42 -106 -260 3.8 3.8 40 0 0 0
Tower 0 43 7 0 42 -102 -260 3.8 3.8 40 0 0 0
Tower 0 43 8 0 42 -98 -260 3.8 3.8 40 0 0 0
Tower 0 43 9 0 42 -94 -260 3.8 3.8 40 0 0 0
Tower 0 43 10 0 42 -90 -260 3.8 3.8 40 0 0 0
Tower 0 43 11 0 42 -86 -260 3.8 3.8 40 0 0 0
Tower 0 43 12 0 42 -82 -260 3.8 3.8 40 0 0 0
Tower 0 43 13 0 42 -78 -260 3.8 3.8 40 0 0 0
Tower 0 43 14 0 42 -74 -260 3.8 3.8 40 0 0 0
Tower 0 43 51 0 42 74 -260 3.8 3.8 40 0 0 0
Tower 0 43 52 0 42 78 -260 3.8 3.8 40 0 0 0
Tower 0 43 53 0 42 82 -260 3.8 3.8 40 0 0 0
Tower 0 43 54 0 42 86 -260 3.8 3.8 40 0 0 0
Tower 0 43 55 0 42 90 -260 3.8 3.8 40 0 0 0
Tower 0 43 56 0 42 94 -260 3.8 3.8 40 0 0 0
Tower 0 43 57 0 42 98 -260 3.8 3.8 40 0 0 0
Tower 0 43 58 0 42 102 -260 3.8 3.8 40 0 0 0
Tower 0 43 59 0 42 106 -260 3.8 3.8 40 0 0 0
Tower 0 43 60 0 42 110 -260 3.8 3.8 40 0 0 0
Tower 0 43 61 0 42 114 -260 3.8 3.8 40 0 0 0
Tower 0 43 62 0 42 118 -260 3.8 3.8 40 0 0 0
Tower 0 43 63 0 42 122 -260 3.8 3.8 40 0 0 0
Tower 0 44 2 0 46 -122 -260 3.8 3.8 40 0 0 0
Tower 0 44 3 0 46 -118 -260 3.8 3.8 40 0 0 0
Tower 0 44 4 0 46 -114 -260 3.8 3.8 40 0 0 0
Tower 0 44 5 0 46 -110 -260 3.8 3.8 40 0 0 0
Tower 0 44 6 0 46 -106 -260 3.8 3.8 40 0 0 0
Tower 0 44 7 0 46 -102 -260 3.8 3.8 40 0 0 0
Tower 0 44 8 0 46 -98 -260 3.8 3.8 40 0 0 0
Tower 0 44 9 0 46 -94 -260 3.8 3.8 40 0 0 0
Tower 0 44 10 0 46 -90 -260 3.8 3.8 40 0 0 0
Tower 0 44 11 0 46 -86 -260 3.8 3.8 40 0 0 0
Tower 0 44 12 0 46 -82 -260 3.8 3.8 40 0 0 0
Tower 0 44 13 0 46 -78 -260 3.8 3.8 40 0 0 0
Tower 0 44 14 0 46 -74 -260 3.8 3.8 40 0 0 0
Tower 0 44 51 0 46 74 -260 3.8 3.8 40 0 0 0
Tower 0 44 52 0 46 78 -260 3.8 3.8 40 0 0 0
Tower 0 44 53 0 46 82 -260 3.8 3.8 40 0 0 0
Tower 0 44 54 0 46 86 -260 3.8 3.8 40 0 0 0
Tower 0 44 55 0 46 90 -260 3.8 3.8 40 0 0 0
Tower 0 44 56 0 46 94 -260 3.8 3.8 40 0 0 0
Tower 0 44 57 0 46 98 -260 3.8 3.8 40 0 0 0
Tower 0 44 58 0 46 102 -260 3.8 3.8 40 0 0 0
Tower 0 44 59 0 46 106 -260 3.8 3.8 40 0 0 0
Tower 0 44 60 0 46 110 -260 3.8 3.8 40 0 0 0
Tower 0 44 61 0 46 114 -260 3.8 3.8 40 0 0 0
Tower 0 44 62 0 46 118 -260 3.8 3.8 40 0 0 0
Tower 0 44 63 0 46 122 -260 3.8 3.8 40 0 0 0
Tower 0 45 2 0 50 -122 -260 3.8 3.8 40 0 0 0
Tower 0 45 3 0 50 -118 -260 3.8 3.8 40 0 0 0
Tower 0 45 4 0 50 -114 -260 3.8 3.8 40 0 0 0
Tower 0 45 5 0 50 -110 -260 3.8 3.8 40 0 0 0
Tower 0 45 6 0 50 -106 -260 3.8 3.8 40 0 0 0
Tower 0 45 7 0 50 -102 -260 3.8 3.8 40 0 0 0
Tower 0 45 8 0 50 -98 -260 3.8 3.8 40 0 0 0
Tower 0 45 9 0 50 -94 -260 3.8 3.8 40 0 0 0
Tower 0 45 10 0 50 -90 -260 3.8 3.8 40 0 0 0
Tower 0 45 11 0 50 -86 -260 3.8 3.8 40 0 0 0
Tower 0 45 12 0 50 -82 -260 3.8 3.8 40 0 0 0
Tower 0 45 13 0 50 -78 -260 3.8 3.8 40 0 0 0
Tower 0 45 14 0 50 -74 -260 3.8 3.8 40 0 0 0
Tower 0 45 15 0 50 -70 -260 3.8 3.8 40 0 0 0
Tower 0 45 50 0 50 70 -260 3.8 3.8 40 0 0 0
Tower 0 45 51 0 50 74 -260 3.8 3.8 40 0 0 0
Tower 0 45 52 0 50 78 -260 3.8 3.8 40 0 0 0
Tower 0 45 53 0 50 82 -260 3.8 3.8 40 0 0 0
Tower 0 45 54 0 50 86 -260 3.8 3.8 40 0 0 0
Tower 0 45 55 0 50 90 -260 3.8 3.8 40 0 0 0
Tower 0 45 56 0 50 94 -260 3.8 3.8 40 0 0 0
Tower 0 45 57 0 50 98 -260 3.8 3.8 40 0 0 0
Tower 0 45 58 0 50 102 -260 3.8 3.8 40 0 0 0
Tower 0 45 59 0 50 106 -260 3.8 3.8 40 0 0 0
Tower 0 45 60 0 50 110 -260 3.8 3.8 40 0 0 0
Tower 0 45 61 0 50 114 -260 3.8 3.8 40 0 0 0
Tower 0 45 62 0 50 118 -260 3.8 3.8 40 0 0 0
Tower 0 45 63 0 50 122 -260 3.8 3.8 40 0 0 0
Tower 0 46 3 0 54 -118 -260 3.8 3.8 40 0 0 0
Tower 0 46 4 0 54 -114 -260 3.8 3.8 40 0 0 0
Tower 0 46 5 0 54 -110 -260 3.8 3.8 40 0 0 0
Tower 0 46 6 0 54 -106 -260 3.8 3.8 40 0 0 0
Tower 0 46 7 0 54 -102 -260 3.8 3.8 40 0 0 0
Tower 0 46 8 0 54 -98 -260 3.8 3.8 40 0 0 0
Tower 0 46 9 0 54 -94 -260 3.8 3.8 40 0 0 0
Tower 0 46 10 0 54 -90 -260 3.8 3.8 40 0 0 0
Tower 0 46 11 0 54 -86 -260 3.8 3.8 40 0 0 0
Tower 0 46 12 0 54 -82 -260 3.8 3.8 40 0 0 0
Tower 0 46 13 0 54 -78 -260 3.8 3.8 40 0 0 0
Tower 0 46 14 0 54 -74 -260 3.8 3.8 40 0 0 0
Tower 0 46 15 0 54 -70 -260 3.8 3.8 40 0 0 0
Tower 0 46 16 0 54 -66 -260 3.8 3.8 40 0 0 0
Tower 0 46 49 0 54 66 -260 3.8 3.8 40 0 0 0
Tower 0 46 50 0 54 70 -260 3.8 3.8 40 0 0 0
Tower 0 46 51 0 54 74 -260 3.8 3.8 40 0 0 0
Tower 0 46 52 0 54 78 -260 3.8 3.8 40 0 0 0
Tower 0 46 53 0 54 82 -260 3.8 3.8 40 0 0 0
Tower 0 46 54 0 54 86 -260 3.8 3.8 40 0 0 0
Tower 0 46 55 0 54 90 -260 3.8 3.8 40 0 0 0
Tower 0 46 56 0 54 94 -260 3.8 3.8 40 0 0 0
Tower 0 46 57 0 54 98 -260 3.8 3.8 40 0 0 0
Tower 0 46 58 0 54 102 -260 3.8 3.8 40 0 0 0
Tower 0 46 59 0 54 106 -260 3.8 3.8 40 0 0 0
Tower 0 46 60 0 54 110 -260 3.8 3.8 40 0 0 0
Tower 0 46 61 0 54 114 -260 3.8 3.8 40 0 0 0
Tower 0 46 62 0 54 118 -260 3.8 3.8 40 0 0 0
Tower 0 47 3 0 58 -118 -260 3.8 3.8 40 0 0 0
Tower 0 47 4 0 58 -114 -260 3.8 3.8 40 0 0 0
Tower 0 47 5 0 58 -110 -260 3.8 3.8 40 0 0 0
Tower 0 47 6 0 58 -106 -260 3.8 3.8 40 0 0 0
Tower 0 47 7 0 58 -102 -260 3.8 3.8 40 0 0 0
Tower 0 47 8 0 58 -98 -260 3.8 3.8 40 0 0 0
Tower 0 47 9 0 58 -94 -260 3.8 3.8 40 0 0 0
Tower 0 47 10 0 58 -90 -260 3.8 3.8 40 0 0 0
Tower 0 47 11 0 58 -86 -260 3.8 3.8 40 0 0 0
Tower 0 47 12 0 58 -82 -260 3.8 3.8 40 0 0 0
Tower 0 47 13 0 58 -78 -260 3.8 3.8 40 0 0 0
Tower 0 47 14 0 58 -74 -260 3.8 3.8 40 0 0 0
Tower 0 47 15 0 58 -70 -260 3.8 3.8 40 0 0 0
Tower 0 47 16 0 58 -66 -260 3.8 3.8 40 0 0 0
Tower 0 47 17 0 58 -62 -260 3.8 3.8 40 0 0 0
Tower 0 47 48 0 58 62 -260 3.8 3.8 40 0 0 0
Tower 0 47 49 0 58 66 -260 3.8 3.8 40 0 0 0
Tower 0 47 50 0 58 70 -260 3.8 3.8 40 0 0 0
Tower 0 47 51 0 58 74 -260 3.8 3.8 40 0 0 0
Tower 0 47 52 0 58 78 -260 3.8 3.8 40 0 0 0
Tower 0 47 53 0 58 82 -260 3.8 3.8 40 0 0 0
Tower 0 47 54 0 58 86 -260 3.8 3.8 40 0 0 0
Tower 0 47 55 0 58 90 -260 3.8 3.8 40 0 0 0
Tower 0 47 56 0 58 94 -260 3.8 3.8 40 0 0 0
Tower 0 47 57 0 58 98 -260 3.8 3.8 40 0 0 0
Tower 0 47 58 0 58 102 -260 3.8 3.8 40 0 0 0
Tower 0 47 59 0 58 106 -260 3.8 3.8 40 0 0 0
Tower 0 47 60 0 58 110 -260 3.8 3.8 40 0 0 0
Tower 0 47 61 0 58 114 -260 3.8 3.8 40 0 0 0
Tower 0 47 62 0 58 118 -260 3.8 3.8 40 0 0 0
Tower 0 48 4 0 62 -114 -260 3.8 3.8 40 0 0 0
Tower 0 48 5 0 62 -110 -260 3.8 3.8 40 0 0 0
Tower 0 48 6 0 62 -106 -260 3.8 3.8 40 0 0 0
Tower 0 48 7 0 62 -102 -260 3.8 3.8 40 0 0 0
Tower 0 48 8 0 62 -98 -260 3.8 3.8 40 0 0 0
Tower 0 48 9 0 62 -94 -260 3.8 3.8 40 0 0 0
Tower 0 48 10 0 62 -90 -260 3.8 3.8 40 0 0 0
Tower 0 48 11 0 62 -86 -260 3.8 3.8 40 0 0 0
Tower 0 48 12 0 62 -82 -260 3.8 3.8 40 0 0 0
Tower 0 48 13 0 62 -78 -260 3.8 3.8 40 0 0 0
Tower 0 48 14 0 62 -74 -260 3.8 3.8 40 0 0 0
Tower 0 48 15 0 62 -70 -260 3.8 3.8 40 0 0 0
Tower 0 48 16 0 62 -66 -260 3.8 3.8 40 0 0 0
Tower 0 48 17 0 62 -62 -260 3.8 3.8 40 0 0 0
Tower 0 48 18 0 62 -58 -260 3.8 3.8 40 0 0 0
Tower 0 48 47 0 62 58 -260 3.8 3.8 40 0 0 0
Tower 0 48 48 0 62 62 -260 3.8 3.8 40 0 0 0
Tower 0 48 49 0 62 66 -260 3.8 3.8 40 0 0 0
Tower 0 48 50 0 62 70 -260 3.8 3.8 40 0 0 0
Tower 0 48 51 0 62 74 -260 3.8 3.8 40 0 0 0
Tower 0 48 52 0 62 78 -260 3.8 3.8 40 0 0 0
Tower 0 48 53 0 62 82 -260 3.8 3.8 40 0 0 0
Tower 0 48 54 0 62 86 -260 3.8 3.8 40 0 0 0
Tower 0 48 55 0 62 90 -260 3.8 3.8 40 0 0 0
Tower 0 48 56 0 62 94 -260 3.8 3.8 40 0 0 0
Tower 0 48 57 0 62 98 -260 3.8 3.8 40 0 0 0
Tower 0 48 58 0 62 102 -260 3.8 3.8 40 0 0 0
Tower 0 48 59 0 62 106 -260 3.8 3.8 40 0 0 0
Tower 0 48 60 0 62 110 -260 3.8 3.8 40 0 0 0
Tower 0 48 61 0 62 114 -260 3.8 3.8 40 0 0 0
Tower 0 49 4 0 66 -114 -260 3.8 3.8 40 0 0 0
Tower 0 49 5 0 66 -110 -260 3.8 3.8 40 0 0 0
Tower 0 49 6 0 66 -106 -260 3.8 3.8 40 0 0 0
Tower 0 49 7 0 66 -102 -260 3.8 3.8 40 0 0 0
Tower 0 49 8 0 66 -98 -260 3.8 3.8 40 0 0 0
Tower 0 49 9 0 66 -94 -260 3.8 3.8 40 0 0 0
Tower 0 49 10 0 66 -90 -260 3.8 3.8 40 0 0 0
Tower 0 49 11 0 66 -86 -260 3.8 3.8 40 0 0 0
Tower 0 49 12 0 66 -82 -260 3.8 3.8 40 0 0 0
Tower 0 49 13 0 66 -78 -260 3.8 3.8 40 0 0 0
Tower 0 49 14 0 66 -74 -260 3.8 3.8 40 0 0 0
Tower 0 49 15 0 66 -70 -260 3.8 3.8 40 0 0 0
Tower 0 49 16 0 66 -66 -260 3.8 3.8 40 0 0 0
Tower 0 49 17 0 66 -62 -260 3.8 3.8 40 0 0 0
Tower 0 49 18 0 66 -58 -260 3.8 3.8 40 0 0 0
Tower 0 49 19 0 66 -54 -260 3.8 3.8 40 0 0 0
Tower 0 49 46 0 66 54 -260 3.8 3.8 40 0 0 0
Tower 0 49 47 0 66 58 -260 3.8 3.8 40 0 0 0
Tower 0 49 48 0 66 62 -260 3.8 3.8 40 0 0 0
Tower 0 49 49 0 66 66 -260 3.8 3.8 40 0 0 0
Tower 0 49 50 0 66 70 -260 3.8 3.8 40 0 0 0
Tower 0 49 51 0 66 74 -260 3.8 3.8 40 0 0 0
Tower 0 49 52 0 66 78 -260 3.8 3.8 40 0 0 0
Tower 0 49 53 0 66 82 -260 3.8 3.8 40 0 0 0
Tower 0 49 54 0 66 86 -260 3.8 3.8 40 0 0 0
Tower 0 49 55 0 66 90 -260 3.8 3.8 40 0 0 0
Tower 0 49 56 0 66 94 -260 3.8 3.8 40 0 0 0
Tower 0 49 57 0 66 98 -260 3.8 3.8 40 0 0 0
Tower 0 49 58 0 66 102 -260 3.8 3.8 40 0 0 0
Tower 0 49 59 0 66 106 -260 3.8 3.8 40 0 0 0
Tower 0 49 60 0 66 110 -260 3.8 3.8 40 0 0 0
Tower 0 49 61 0 66 114 -260 3.8 3.8 40 0 0 0
Tower 0 50 5 0 70 -110 -260 3.8 3.8 40 0 0 0
Tower 0 50 6 0 70 -106 -260 3.8 3.8 40 0 0 0
Tower 0 50 7 0 70 -102 -260 3.8 3.8 40 0 0 0
Tower 0 50 8 0 70 -98 -260 3.8 3.8 40 0 0 0
Tower 0 50 9 0 70 -94 -260 3.8 3.8 40 0 0 0
Tower 0 50 10 0 70 -90 -260 3.8 3.8 40 0 0 0
Tower 0 50 11 0 70 -86 -260 3.8 3.8 40 0 0 0
Tower 0 50 12 0 70 -82 -260 3.8 3.8 40 0 0 0
Tower 0 50 13 0 70 -78 -260 3.8 3.8 40 0 0 0
Tower 0 50 14 0 70 -74 -260 3.8 3.8 40 0 0 0
Tower 0 50 15 0 70 -70 -260 3.8 3.8 40 0 0 0
Tower 0 50 16 0 70 -66 -260 3.8 3.8 40 0 0 0
Tower 0 50 17 0 70 -62 -260 3.8 3.8 40 0 0 0
Tower 0 50 18 0 70 -58 -260 3.8 3.8 40 0 0 0
Tower 0 50 19 0 70 -54 -260 3.8 3.8 40 0 0 0
Tower 0 50 20 0 70 -50 -260 3.8 3.8 40 0 0 0
Tower 0 50 45 0 70 50 -260 3.8 3.8 40 0 0 0
Tower 0 50 46 0 70 54 -260 3.8 3.8 40 0 0 0
Tower 0 50 47 0 70 58 -260 3.8 3.8 40 0 0 0
Tower 0 50 48 0 70 62 -260 3.8 3.8 40 0 0 0
Tower 0 50 49 0 70 66 -260 3.8 3.8 40 0 0 0
Tower 0 50 50 0 70 70 -260 3.8 3.8 40 0 0 0
Tower 0 50 51 0 70 74 -260 3.8 3.8 40 0 0 0
Tower 0 50 52 0 70 78 -260 3.8 3.8 40 0 0 0
Tower 0 50 53 0 70 82 -260 3.8 3.8 40 0 0 0
Tower 0 50 54 0 70 86 -260 3.8 3.8 40 0 0 0
Tower 0 50 55 0 70 90 -260 3.8 3.8 40 0 0 0
Tower 0 50 56 0 70 94 -260 3.8 3.8 40 0 0 0
Tower 0 50 57 0 70 98 -260 3.8 3.8 40 0 0 0
Tower 0 50 58 0 70 102 -260 3.8 3.8 40 0 0 0
Tower 0 50 59 0 70 106 -260 3.8 3.8 40 0 0 0
Tower 0 50 60 0 70 110 -260 3.8 3.8 40 0 0 0
Tower 0 51 6 0 74 -106 -260 3.8 3.8 40 0 0 0
Tower 0 51 7 0 74 -102 -260 3.8 3.8 40 0 0 0
Tower 0 51 8 0 74 -98 -260 3.8 3.8 40 0 0 0
Tower 0 51 9 0 74 -94 -260 3.8 3.8 40 0 0 0
Tower 0 51 10 0 74 -90 -260 3.8 3.8 40 0 0 0
Tower 0 51 11 0 74 -86 -260 3.8 3.8 40 0 0 0
Tower 0 51 12 0 74 -82 -260 3.8 3.8 40 0 0 0
Tower 0 51 13 0 74 -78 -260 3.8 3.8 40 0 0 0
Tower 0 51 14 0 74 -74 -260 3.8 3.8 40 0 0 0
Tower 0 51 15 0 74 -70 -260 3.8 3.8 40 0 0 0
Tower 0 51 16 0 74 -66 -260 3.8 3.8 40 0 0 0
Tower 0 51 17 0 74 -62 -260 3.8 3.8 40 0 0 0
Tower 0 51 18 0 74 -58 -260 3.8 3.8 40 0 0 0
Tower 0 51 19 0 74 -54 -260 3.8 3.8 40 0 0 0
Tower 0 51 20 0 74 -50 -260 3.8 3.8 40 0 0 0
Tower 0 51 21 0 74 -46 -260 3.8 3.8 40 0 0 0
Tower 0 51 22 0 74 -42 -260 3.8 3.8 40 0 0 0
Tower 0 51 43 0 74 42 -260 3.8 3.8 40 0 0 0
Tower 0 51 44 0 74 46 -260 3.8 3.8 40 0 0 0
Tower 0 51 45 0 74 50 -260 3.8 3.8 40 0 0 0
Tower 0 51 46 0 74 54 -260 3.8 3.8 40 0 0 0
Tower 0 51 47 0 74 58 -260 3.8 3.8 40 0 0 0
Tower 0 51 48 0 74 62 -260 3.8 3.8 40 0 0 0
Tower 0 51 49 0 74 66 -260 3.8 3.8 40 0 0 0
Tower 0 51 50 0 74 70 -260 3.8 3.8 40 0 0 0
Tower 0 51 51 0 74 74 -260 3.8 3.8 40 0 0 0
Tower 0 51 52 0 74 78 -260 3.8 3.8 40 0 0 0
Tower 0 51 53 0 74 82 -260 3.8 3.8 40 0 0 0
Tower 0 51 54 0 74 86 -260 3.8 3.8 40 0 0 0
Tower 0 51 55 0 74 90 -260 3.8 3.8 40 0 0 0
Tower 0 51 56 0 74 94 -260 3.8 3.8 40 0 0 0
Tower 0 51 57 0 74 98 -260 3.8 3.8 40 0 0 0
Tower 0 51 58 0 74 102 -260 3.8 3.8 40 0 0 0
Tower 0 51 59 0 74 106 -260 3.8 3.8 40 0 0 0
Tower 0 52 6 0 78 -106 -260 3.8 3.8 40 0 0 0
Tower 0 52 7 0 78 -102 -260 3.8 3.8 40 0 0 0
Tower 0 52 8 0 78 -98 -260 3.8 3.8 40 0 0 0
Tower 0 52 9 0 78 -94 -260 3.8 3.8 40 0 0 0
Tower 0 52 10 0 78 -90 -260 3.8 3.8 40 0 0 0
Tower 0 52 11 0 78 -86 -260 3.8 3.8 40 0 0 0
Tower 0 52 12 0 78 -82 -260 3.8 3.8 40 0 0 0
Tower 0 52 13 0 78 -78 -260 3.8 3.8 40 0 0 0
Tower 0 52 14 0 78 -74 -260 3.8 3.8 40 0 0 0
Tower 0 52 15 0 78 -70 -260 3.8 3.8 40 0 0 0
Tower 0 52 16 0 78 -66 -260 3.8 3.8 40 0 0 0
Tower 0 52 17 0 78 -62 -260 3.8 3.8 40 0 0 0
Tower 0 52 18 0 78 -58 -260 3.8 3.8 40 0 0 0
Tower 0 52 19 0 78 -54 -260 3.8 3.8 40 0 0 0
Tower 0 52 20 0 78 -50 -260 3.8 3.8 40 0 0 0
Tower 0 52 21 0 78 -46 -260 3.8 3.8 40 0 0 0
Tower 0 52 22 0 78 -42 -260 3.8 3.8 40 0 0 0
Tower 0 52 23 0 78 -38 -260 3.8 3.8 40 0 0 0
Tower 0 52 24 0 78 -34 -260 3.8 3.8 40 0 0 0
Tower 0 52 41 0 78 34 -260 3.8 3.8 40 0 0 0
Tower 0 52 42 0 78 38 -260 3.8 3.8 40 0 0 0
Tower 0 52 43 0 78 42 -260 3.8 3.8 40 0 0 0
Tower 0 52 44 0 78 46 -260 3.8 3.8 40 0 0 0
Tower 0 52 45 0 78 50 -260 3.8 3.8 40 0 0 0
Tower 0 52 46 0 78 54 -260 3.8 3.8 40 0 0 0
Tower 0 52 47 0 78 58 -260 3.8 3.8 40 0 0 0
Tower 0 52 48 0 78 62 -260 3.8 3.8 40 0 0 0
Tower 0 52 49 0 78 66 -260 3.8 3.8 40 0 0 0
Tower 0 52 50 0 78 70 -260 3.8 3.8 40 0 0 0
Tower 0 52 51 0 78 74 -260 3.8 3.8 40 0 0 0
Tower 0 52 52 0 78 78 -260 3.8 3.8 40 0 0 0
Tower 0 52 53 0 78 82 -260 3.8 3.8 40 0 0 0
Tower 0 52 54 0 78 86 -260 3.8 3.8 40 0 0 0
Tower 0 52 55 0 78 90 -260 3.8 3.8 40 0 0 0
Tower 0 52 56 0 78 94 -260 3.8 3.8 40 0 0 0
Tower 0 52 57 0 78 98 -260 3.8 3.8 40 0 0 0
Tower 0 52 58 0 78 102 -260 3.8 3.8 40 0 0 0
Tower 0 52 59 0 78 106 -260 3.8 3.8 40 0 0 0
Tower 0 53 7 0 82 -102 -260 3.8 3.8 40 0 0 0
Tower 0 53 8 0 82 -98 -260 3.8 3.8 40 0 0 0
Tower 0 53 9 0 82 -94 -260 3.8 3.8 40 0 0 0
Tower 0 53 10 0 82 -90 -260 3.8 3.8 40 0 0 0
Tower 0 53 11 0 82 -86 -260 3.8 3.8 40 0 0 0
Tower 0 53 12 0 82 -82 -260 3.8 3.8 40 0 0 0
Tower 0 53 13 0 82 -78 -260 3.8 3.8 40 0 0 0
Tower 0 53 14 0 82 -74 -260 3.8 3.8 40 0 0 0
Tower 0 53 15 0 82 -70 -260 3.8 3.8 40 0 0 0
Tower 0 53 16 0 82 -66 -260 3.8 3.8 40 0 0 0
Tower 0 53 17 0 82 -62 -260 3.8 3.8 40 0 0 0
Tower 0 53 18 0 82 -58 -260 3.8 3.8 40 0 0 0
Tower 0 53 19 0 82 -54 -260 3.8 3.8 40 0 0 0
Tower 0 53 20 0 82 -50 -260 3.8 3.8 40 0 0 0
Tower 0 53 21 0 82 -46 -260 3.8 3.8 40 0 0 0
Tower 0 53 22 0 82 -42 -260 3.8 3.8 40 0 0 0
Tower 0 53 23 0 82 -38 -260 3.8 3.8 40 0 0 0
Tower 0 53 24 0 82 -34 -260 3.8 3.8 40 0 0 0
Tower 0 53 25 0 82 -30 -260 3.8 3.8 40 0 0 0
Tower 0 53 26 0 82 -26 -260 3.8 3.8 40 0 0 0
Tower 0 53 27 0 82 -22 -260 3.8 3.8 40 0 0 0
Tower 0 53 38 0 82 22 -260 3.8 3.8 40 0 0 0
Tower 0 53 39 0 82 26 -260 3.8 3.8 40 0 0 0
Tower 0 53 40 0 82 30 -260 3.8 3.8 40 0 0 0
Tower 0 53 41 0 82 34 -260 3.8 3.8 40 0 0 0
Tower 0 53 42 0 82 38 -260 3.8 3.8 40 0 0 0
Tower 0 53 43 0 82 42 -260 3.8 3.8 40 0 0 0
Tower 0 53 44 0 82 46 -260 3.8 3.8 40 0 0 0
Tower 0 53 45 0 82 50 -260 3.8 3.8 40 0 0 0
Tower 0 53 46 0 82 54 -260 3.8 3.8 40 0 0 0
Tower 0 53 47 0 82 58 -260 3.8 3.8 40 0 0 0
Tower 0 53 48 0 82 62 -260 3.8 3.8 40 0 0 0
Tower 0 53 49 0 82 66 -260 3.8 3.8 40 0 0 0
Tower 0 53 50 0 82 70 -260 3.8 3.8 40 0 0 0
Tower 0 53 51 0 82 74 -260 3.8 3.8 40 0 0 0
Tower 0 53 52 0 82 78 -260 3.8 3.8 40 0 0 0
Tower 0 53 53 0 82 82 -260 3.8 3.8 40 0 0 0
Tower 0 53 54 0 82 86 -260 3.8 3.8 40 0 0 0
Tower 0 53 55 0 82 90 -260 3.8 3.8 40 0 0 0
Tower 0 53 56 0 82 94 -260 3.8 3.8 40 0 0 0
Tower 0 53 57 0 82 98 -260 3.8 3.8 40 0 0 0
Tower 0 53 58 0 82 102 -260 3.8 3.8 40 0 0 0
Tower 0 54 8 0 86 -98 -260 3.8 3.8 40 0 0 0
Tower 0 54 9 0 86 -94 -260 3.8 3.8 40 0 0 0
Tower 0 54 10 0 86 -90 -260 3.8 3.8 40 0 0 0
Tower 0 54 11 0 86 -86 -260 3.8 3.8 40 0 0 0
Tower 0 54 12 0 86 -82 -260 3.8 3.8 40 0 0 0
Tower 0 54 13 0 86 -78 -260 3.8 3.8 40 0 0 0
Tower 0 54 14 0 86 -74 -260 3.8 3.8 40 0 0 0
Tower 0 54 15 0 86 -70 -260 3.8 3.8 40 0 0 0
Tower 0 54 16 0 86 -66 -260 3.8 3.8 40 0 0 0
Tower 0 54 17 0 86 -62 -260 3.8 3.8 40 0 0 0
Tower 0 54 18 0 86 -58 -260 3.8 3.8 40 0 0 0
Tower 0 54 19 0 86 -54 -260 3.8 3.8 40 0 0 0
Tower 0 54 20 0 86 -50 -260 3.8 3.8 40 0 0 0
Tower 0 54 21 0 86 -46 -260 3.8 3.8 40 0 0 0
Tower 0 54 22 0 86 -42 -260 3.8 3.8 40 0 0 0
Tower 0 54 23 0 86 -38 -260 3.8 3.8 40 0 0 0
Tower 0 54 24 0 86 -34 -260 3.8 3.8 40 0 0 0
Tower 0 54 25 0 86 -30 -260 3.8 3.8 40 0 0 0
Tower 0 54 26 0 86 -26 -260 3.8 3.8 40 0 0 0
Tower 0 54 27 0 86 -22 -260 3.8 3.8 40 0 0 0
Tower 0 54 28 0 86 -18 -260 3.8 3.8 40 0 0 0
Tower 0 54 29 0 86 -14 -260 3.8 3.8 40 0 0 0
Tower 0 54 30 0 86 -10 -260 3.8 3.8 40 0 0 0
Tower 0 54 31 0 86 -6 -260 3.8 3.8 40 0 0 0
Tower 0 54 32 0 86 -2 -260 3.8 3.8 40 0 0 0
Tower 0 54 33 0 86 2 -260 3.8 3.8 40 0 0 0
Tower 0 54 34 0 86 6 -260 3.8 3.8 40 0 0 0
Tower 0 54 35 0 86 10 -260 3.8 3.8 40 0 0 0
Tower 0 54 36 0 86 14 -260 3.8 3.8 40 0 0 0
Tower 0 54 37 0 86 18 -260 3.8 3.8 40 0 0 0
Tower 0 54 38 0 86 22 -260 3.8 3.8 40 0 0 0
Tower 0 54 39 0 86 26 -260 3.8 3.8 40 0 0 0
Tower 0 54 40 0 86 30 -260 3.8 3.8 40 0 0 0
Tower 0 54 41 0 86 34 -260 3.8 3.8 40 0 0 0
Tower 0 54 42 0 86 38 -260 3.8 3.8 40 0 0 0
Tower 0 54 43 0 86 42 -260 3.8 3.8 40 0 0 0
Tower 0 54 44 0 86 46 -260 3.8 3.8 40 0 0 0
Tower 0 54 45 0 86 50 -260 3.8 3.8 40 0 0 0
Tower 0 54 46 0 86 54 -260 3.8 3.8 40 0 0 0
Tower 0 54 47 0 86 58 -260 3.8 3.8 40 0 0 0
Tower 0 54 48 0 86 62 -260 3.8 3.8 40 0 0 0
Tower 0 54 49 0 86 66 -260 3.8 3.8 40 0 0 0
Tower 0 54 50 0 86 70 -260 3.8 3.8 40 0 0 0
Tower 0 54 51 0 86 74 -260 3.8 3.8 40 0 0 0
Tower 0 54 52 0 86 78 -260 3.8 3.8 40 0 0 0
Tower 0 54 53 0 86 82 -260 3.8 3.8 40 0 0 0
Tower 0 54 54 0 86 86 -260 3.8 3.8 40 0 0 0
Tower 0 54 55 0 86 90 -260 3.8 3.8 40 0 0 0
Tower 0 54 56 0 86 94 -260 3.8 3.8 40 0 0 0
Tower 0 54 57 0 86 98 -260 3.8 3.8 40 0 0 0
Tower 0 55 9 0 90 -94 -260 3.8 3.8 40 0 0 0
Tower 0 55 10 0 90 -90 -260 3.8 3.8 40 0 0 0
Tower 0 55 11 0 90 -86 -260 3.8 3.8 40 0 0 0
Tower 0 55 12 0 90 -82 -260 3.8 3.8 40 0 0 0
Tower 0 55 13 0 90 -78 -260 3.8 3.8 40 0 0 0
Tower 0 55 14 0 90 -74 -260 3.8 3.8 40 0 0 0
Tower 0 55 15 0 90 -70 -260 3.8 3.8 40 0 0 0
Tower 0 55 16 0 90 -66 -260 3.8 3.8 40 0 0 0
Tower 0 55 17 0 90 -62 -260 3.8 3.8 40 0 0 0
Tower 0 55 18 0 90 -58 -260 3.8 3.8 40 0 0 0
Tower 0 55 19 0 90 -54 -260 3.8 3.8 40 0 0 0
Tower 0 55 20 0 90 -50 -260 3.8 3.8 40 0 0 0
Tower 0 55 21 0 90 -46 -260 3.8 3.8 40 0 0 0
Tower 0 55 22 0 90 -42 -260 3.8 3.8 40 0 0 0
Tower 0 55 23 0 90 -38 -260 3.8 3.8 40 0 0 0
Tower 0 55 24 0 90 -34 -260 3.8 3.8 40 0 0 0
Tower 0 55 25 0 90 -30 -260 3.8 3.8 40 0 0 0
Tower 0 55 26 0 90 -26 -260 3.8 3.8 40 0 0 0
Tower 0 55 27 0 90 -22 -260 3.8 3.8 40 0 0 0
Tower 0 55 28 0 90 -18 -260 3.8 3.8 40 0 0 0
Tower 0 55 29 0 90 -14 -260 3.8 3.8 40 0 0 0
Tower 0 55 30 0 90 -10 -260 3.8 3.8 40 0 0 0
Tower 0 55 31 0 90 -6 -260 3.8 3.8 40 0 0 0
Tower 0 55 32 0 90 -2 -260 3.8 3.8 40 0 0 0
Tower 0 55 33 0 90 2 -260 3.8 3.8 40 0 0 0
Tower 0 55 34 0 90 6 -260 3.8 3.8 40 0 0 0
Tower 0 55 35 0 90 10 -260 3.8 3.8 40 0 0 0
Tower 0 55 36 0 90 14 -260 3.8 3.8 40 0 0 0
Tower 0 55 37 0 90 18 -260 3.8 3.8 40 0 0 0
Tower 0 55 38 0 90 22 -260 3.8 3.8 40 0 0 0
Tower 0 55 39 0 90 26 -260 3.8 3.8 40 0 0 0
Tower 0 55 40 0 90 30 -260 3.8 3.8 40 0 0 0
Tower 0 55 41 0 90 34 -260 3.8 3.8 40 0 0 0
Tower 0 55 42 0 90 38 -260 3.8 3.8 40 0 0 0
Tower 0 55 43 0 90 42 -260 3.8 3.8 40 0 0 0
Tower 0 55 44 0 90 46 -260 3.8 3.8 40 0 0 0
Tower 0 55 45 0 90 50 -260 3.8 3.8 40 0 0 0
Tower 0 55 46 0 90 54 -260 3.8 3.8 40 0 0 0
Tower 0 55 47 0 90 58 -260 3.8 3.8 40 0 0 0
Tower 0 55 48 0 90 62 -260 3.8 3.8 40 0 0 0
Tower 0 55 49 0 90 66 -260 3.8 3.8 40 0 0 0
Tower 0 55 50 0 90 70 -260 3.8 3.8 40 0 0 0
Tower 0 55 51 0 90 74 -260 3.8 3.8 40 0 0 0
Tower 0 55 52 0 90 78 -260 3.8 3.8 40 0 0 0
Tower 0 55 53 0 90 82 -260 3.8 3.8 40 0 0 0
Tower 0 55 54 0 90 86 -260 3.8 3.8 40 0 0 0
Tower 0 55 55 0 90 90 -260 3.8 3.8 40 0 0 0
Tower 0 55 56 0 90 94 -260 3.8 3.8 40 0 0 0
Tower 0 56 10 0 94 -90 -260 3.8 3.8 40 0 0 0
Tower 0 56 11 0 94 -86 -260 3.8 3.8 40 0 0 0
Tower 0 56 12 0 94 -82 -260 3.8 3.8 40 0 0 0
Tower 0 56 13 0 94 -78 -260 3.8 3.8 40 0 0 0
Tower 0 56 14 0 94 -74 -260 3.8 3.8 40 0 0 0
Tower 0 56 15 0 94 -70 -260 3.8 3.8 40 0 0 0
Tower 0 56 16 0 94 -66 -260 3.8 3.8 40 0 0 0
Tower 0 56 17 0 94 -62 -260 3.8 3.8 40 0 0 0
Tower 0 56 18 0 94 -58 -260 3.8 3.8 40 0 0 0
Tower 0 56 19 0 94 -54 -260 3.8 3.8 40 0 0 0
Tower 0 56 20 0 94 -50 -260 3.8 3.8 40 0 0 0
Tower 0 56 21 0 94 -46 -260 3.8 3.8 40 0 0 0
Tower 0 56 22 0 94 -42 -260 3.8 3.8 40 0 0 0
Tower 0 56 23 0 94 -38 -260 3.8 3.8 40 0 0 0
Tower 0 56 24 0 94 -34 -260 3.8 3.8 40 0 0 0
Tower 0 56 25 0 94 -30 -260 3.8 3.8 40 0 0 0
Tower 0 56 26 0 94 -26 -260 3.8 3.8 40 0 0 0
Tower 0 56 27 0 94 -22 -260 3.8 3.8 40 0 0 0
Tower 0 56 28 0 94 -18 -260 3.8 3.8 40 0 0 0
Tower 0 56 29 0 94 -14 -260 3.8 3.8 40 0 0 0
Tower 0 56 30 0 94 -10 -260 3.8 3.8 40 0 0 0
Tower 0 56 31 0 94 -6 -260 3.8 3.8 40 0 0 0
Tower 0 56 32 0 94 -2 -260 3.8 3.8 40 0 0 0
Tower 0 56 33 0 94 2 -260 3.8 3.8 40 0 0 0
Tower 0 56 34 0 94 6 -260 3.8 3.8 40 0 0 0
Tower 0 56 35 0 94 10 -260 3.8 3.8 40 0 0 0
Tower 0 56 36 0 94 14 -260 3.8 3.8 40 0 0 0
Tower 0 56 37 0 94 18 -260 3.8 3.8 40 0 0 0
Tower 0 56 38 0 94 22 -260 3.8 3.8 40 0 0 0
Tower 0 56 39 0 94 26 -260 3.8 3.8 40 0 0 0
Tower 0 56 40 0 94 30 -260 3.8 3.8 40 0 0 0
Tower 0 56 41 0 94 34 -260 3.8 3.8 40 0 0 0
Tower 0 56 42 0 94 38 -260 3.8 3.8 40 0 0 0
Tower 0 56 43 0 94 42 -260 3.8 3.8 40 0 0 0
Tower 0 56 44 0 94 46 -260 3.8 3.8 40 0 0 0
Tower 0 56 45 0 94 50 -260 3.8 3.8 40 0 0 0
Tower 0 56 46 0 94 54 -260 3.8 3.8 40 0 0 0
Tower 0 56 47 0 94 58 -260 3.8 3.8 40 0 0 0
Tower 0 56 48 0 94 62 -260 3.8 3.8 40 0 0 0
Tower 0 56 49 0 94 66 -260 3.8 3.8 40 0 0 0
Tower 0 56 50 0 94 70 -260 3.8 3.8 40 0 0 0
Tower 0 56 51 0 94 74 -260 3.8 3.8 40 0 0 0
Tower 0 56 52 0 94 78 -260 3.8 3.8 40 0 0 0
Tower 0 56 53 0 94 82 -260 3.8 3.8 40 0 0 0
Tower 0 56 54 0 94 86 -260 3.8 3.8 40 0 0 0
Tower 0 56 55 0 94 90 -260 3.8 3.8 40 0 0 0
Tower 0 57 11 0 98 -86 -260 3.8 3.8 40 0 0 0
Tower 0 57 12 0 98 -82 -260 3.8 3.8 40 0 0 0
Tower 0 57 13 0 98 -78 -260 3.8 3.8 40 0 0 0
Tower 0 57 14 0 98 -74 -260 3.8 3.8 40 0 0 0
Tower 0 57 15 0 98 -70 -260 3.8 3.8 40 0 0 0
Tower 0 57 16 0 98 -66 -260 3.8 3.8 40 0 0 0
Tower 0 57 17 0 98 -62 -260 3.8 3.8 40 0 0 0
Tower 0 57 18 0 98 -58 -260 3.8 3.8 40 0 0 0
Tower 0 57 19 0 98 -54 -260 3.8 3.8 40 0 0 0
Tower 0 57 20 0 98 -50 -260 3.8 3.8 40 0 0 0
Tower 0 57 21 0 98 -46 -260 3.8 3.8 40 0 0 0
Tower 0 57 22 0 98 -42 -260 3.8 3.8 40 0 0 0
Tower 0 57 23 0 98 -38 -260 3.8 3.8 40 0 0 0
Tower 0 57 24 0 98 -34 -260 3.8 3.8 40 0 0 0
Tower 0 57 25 0 98 -30 -260 3.8 3.8 40 0 0 0
Tower 0 57 26 0 98 -26 -260 3.8 3.8 40 0 0 0
Tower 0 57 27 0 98 -22 -260 3.8 3.8 40 0 0 0
Tower 0 57 28 0 98 -18 -260 3.8 3.8 40 0 0 0
Tower 0 57 29 0 98 -14 -260 3.8 3.8 40 0 0 0
Tower 0 57 30 0 98 -10 -260 3.8 3.8 40 0 0 0
Tower 0 57 31 0 98 -6 -260 3.8 3.8 40 0 0 0
Tower 0 57 32 0 98 -2 -260 3.8 3.8 40 0 0 0
Tower 0 57 33 0 98 2 -260 3.8 3.8 40 0 0 0
Tower 0 57 34 0 98 6 -260 3.8 3.8 40 0 0 0
Tower 0 57 35 0 98 10 -260 3.8 3.8 40 0 0 0
Tower 0 57 36 0 98 14 -260 3.8 3.8 40 0 0 0
Tower 0 57 37 0 98 18 -260 3.8 3.8 40 0 0 0
Tower 0 57 38 0 98 22 -260 3.8 3.8 40 0 0 0
Tower 0 57 39 0 98 26 -260 3.8 3.8 40 0 0 0
Tower 0 57 40 0 98 30 -260 3.8 3.8 40 0 0 0
Tower 0 57 41 0 98 34 -260 3.8 3.8 40 0 0 0
Tower 0 57 42 0 98 38 -260 3.8 3.8 40 0 0 0
Tower 0 57 43 0 98 42 -260 3.8 3.8 40 0 0 0
Tower 0 57 44 0 98 46 -260 3.8 3.8 40 0 0 0
Tower 0 57 45 0 98 50 -260 3.8 3.8 40 0 0 0
Tower 0 57 46 0 98 54 -260 3.8 3.8 40 0 0 0
Tower 0 57 47 0 98 58 -260 3.8 3.8 40 0 0 0
Tower 0 57 48 0 98 62 -260 3.8 3.8 40 0 0 0
Tower 0 57 49 0 98 66 -260 3.8 3.8 40 0 0 0
Tower 0 57 50 0 98 70 -260 3.8 3.8 40 0 0 0
Tower 0 57 51 0 98 74 -260 3.8 3.8 40 0 0 0
Tower 0 57 52 0 98 78 -260 3.8 3.8 40 0 0 0
Tower 0 57 53 0 98 82 -260 3.8 3.8 40 0 0 0
Tower 0 57 54 0 98 86 -260 3.8 3.8 40 0 0 0
Tower 0 58 12 0 102 -82 -260 3.8 3.8 40 0 0 0
Tower 0 58 13 0 102 -78 -260 3.8 3.8 40 0 0 0
Tower 0 58 14 0 102 -74 -260 3.8 3.8 40 0 0 0
Tower 0 58 15 0 102 -70 -260 3.8 3.8 40 0 0 0
Tower 0 58 16 0 102 -66 -260 3.8 3.8 40 0 0 0
Tower 0 58 17 0 102 -62 -260 3.8 3.8 40 0 0 0
Tower 0 58 18 0 102 -58 -260 3.8 3.8 40 0 0 0
Tower 0 58 19 0 102 -54 -260 3.8 3.8 40 0 0 0
Tower 0 58 20 0 102 -50 -260 3.8 3.8 40 0 0 0
Tower 0 58 21 0 102 -46 -260 3.8 3.8 40 0 0 0
Tower 0 58 22 0 102 -42 -260 3.8 3.8 40 0 0 0
Tower 0 58 23 0 102 -38 -260 3.8 3.8 40 0 0 0
Tower 0 58 24 0 102 -34 -260 3.8 3.8 40 0 0 0
Tower 0 58 25 0 102 -30 -260 3.8 3.8 40 0 0 0
Tower 0 58 26 0 102 -26 -260 3.8 3.8 40 0 0 0
Tower 0 58 27 0 102 -22 -260 3.8 3.8 40 0 0 0
Tower 0 58 28 0 102 -18 -260 3.8 3.8 40 0 0 0
Tower 0 58 29 0 102 -14 -260 3.8 3.8 40 0 0 0
Tower 0 58 30 0 102 -10 -260 3.8 3.8 40 0 0 0
Tower 0 58 31 0 102 -6 -260 3.8 3.8 40 0 0 0
Tower 0 58 32 0 102 -2 -260 3.8 3.8 40 0 0 0
Tower 0 58 33 0 102 2 -260 3.8 3.8 40 0 0 0
Tower 0 58 34 0 102 6 -260 3.8 3.8 40 0 0 0
Tower 0 58 35 0 102 10 -260 3.8 3.8 40 0 0 0
Tower 0 58 36 0 102 14 -260 3.8 3.8 40 0 0 0
Tower 0 58 37 0 102 18 -260 3.8 3.8 40 0 0 0
Tower 0 58 38 0 102 22 -260 3.8 3.8 40 0 0 0
Tower 0 58 39 0 102 26 -260 3.8 3.8 40 0 0 0
Tower 0 58 40 0 102 30 -260 3.8 3.8 40 0 0 0
Tower 0 58 41 0 102 34 -260 3.8 3.8 40 0 0 0
Tower 0 58 42 0 102 38 -260 3.8 3.8 40 0 0 0
Tower 0 58 43 0 102 42 -260 3.8 3.8 40 0 0 0
Tower 0 58 44 0 102 46 -260 3.8 3.8 40 0 0 0
Tower 0 58 45 0 102 50 -260 3.8 3.8 40 0 0 0
Tower 0 58 46 0 102 54 -260 3.8 3.8 40 0 0 0
Tower 0 58 47 0 102 58 -260 3.8 3.8 40 0 0 0
Tower 0 58 48 0 102 62 -260 3.8 3.8 40 0 0 0
Tower 0 58 49 0 102 66 -260 3.8 3.8 40 0 0 0
Tower 0 58 50 0 102 70 -260 3.8 3.8 40 0 0 0
Tower 0 58 51 0 102 74 -260 3.8 3.8 40 0 0 0
Tower 0 58 52 0 102 78 -260 3.8 3.8 40 0 0 0
Tower 0 58 53 0 102 82 -260 3.8 3.8 40 0 0 0
Tower 0 59 13 0 106 -78 -260 3.8 3.8 40 0 0 0
Tower 0 59 14 0 106 -74 -260 3.8 3.8 40 0 0 0
Tower 0 59 15 0 106 -70 -260 3.8 3.8 40 0 0 0
Tower 0 59 16 0 106 -66 -260 3.8 3.8 40 0 0 0
Tower 0 59 17 0 106 -62 -260 3.8 3.8 40 0 0 0
Tower 0 59 18 0 106 -58 -260 3.8 3.8 40 0 0 0
Tower 0 59 19 0 106 -54 -260 3.8 3.8 40 0 0 0
Tower 0 59 20 0 106 -50 -260 3.8 3.8 40 0 0 0
Tower 0 59 21 0 106 -46 -260 3.8 3.8 40 0 0 0
Tower 0 59 22 0 106 -42 -260 3.8 3.8 40 0 0 0
Tower 0 59 23 0 106 -38 -260 3.8 3.8 40 0 0 0
Tower 0 59 24 0 106 -34 -260 3.8 3.8 40 0 0 0
Tower 0 59 25 0 106 -30 -260 3.8 3.8 40 0 0 0
Tower 0 59 26 0 106 -26 -260 3.8 3.8 40 0 0 0
Tower 0 59 27 0 106 -22 -260 3.8 3.8 40 0 0 0
Tower 0 59 28 0 106 -18 -260 3.8 3.8 40 0 0 0
Tower 0 59 29 0 106 -14 -260 3.8 3.8 40 0 0 0
Tower 0 59 30 0 106 -10 -260 3.8 3.8 40 0 0 0
Tower 0 59 31 0 106 -6 -260 3.8 3.8 40 0 0 0
Tower 0 59 32 0 106 -2 -260 3.8 3.8 40 0 0 0
Tower 0 59 33 0 106 2 -260 3.8 3.8 40 0 0 0
Tower 0 59 34 0 106 6 -260 3.8 3.8 40 0 0 0
Tower 0 59 35 0 106 10 -260 3.8 3.8 40 0 0 0
Tower 0 59 36 0 106 14 -260 3.8 3.8 40 0 0 0
Tower 0 59 37 0 106 18 -260 3.8 3.8 40 0 0 0
Tower 0 59 38 0 106 22 -260 3.8 3.8 40 0 0 0
Tower 0 59 39 0 106 26 -260 3.8 3.8 40 0 0 0
Tower 0 59 40 0 106 30 -260 3.8 3.8 40 0 0 0
Tower 0 59 41 0 106 34 -260 3.8 3.8 40 0 0 0
Tower 0 59 42 0 106 38 -260 3.8 3.8 40 0 0 0
Tower 0 59 43 0 106 42 -260 3.8 3.8 40 0 0 0
Tower 0 59 44 0 106 46 -260 3.8 3.8 40 0 0 0
Tower 0 59 45 0 106 50 -260 3.8 3.8 40 0 0 0
Tower 0 59 46 0 106 54 -260 3.8 3.8 40 0 0 0
Tower 0 59 47 0 106 58 -260 3.8 3.8 40 0 0 0
Tower 0 59 48 0 106 62 -260 3.8 3.8 40 0 0 0
Tower 0 59 49 0 106 66 -260 3.8 3.8 40 0 0 0
Tower 0 59 50 0 106 70 -260 3.8 3.8 40 0 0 0
Tower 0 59 51 0 106 74 -260 3.8 3.8 40 0 0 0
Tower 0 59 52 0 106 78 -260 3.8 3.8 40 0 0 0
Tower 0 60 15 0 110 -70 -260 3.8 3.8 40 0 0 0
Tower 0 60 16 0 110 -66 -260 3.8 3.8 40 0 0 0
Tower 0 60 17 0 110 -62 -260 3.8 3.8 40 0 0 0
Tower 0 60 18 0 110 -58 -260 3.8 3.8 40 0 0 0
Tower 0 60 19 0 110 -54 -260 3.8 3.8 40 0 0 0
Tower 0 60 20 0 110 -50 -260 3.8 3.8 40 0 0 0
Tower 0 60 21 0 110 -46 -260 3.8 3.8 40 0 0 0
Tower 0 60 22 0 110 -42 -260 3.8 3.8 40 0 0 0
Tower 0 60 23 0 110 -38 -260 3.8 3.8 40 0 0 0
Tower 0 60 24 0 110 -34 -260 3.8 3.8 40 0 0 0
Tower 0 60 25 0 110 -30 -260 3.8 3.8 40 0 0 0
Tower 0 60 26 0 110 -26 -260 3.8 3.8 40 0 0 0
Tower 0 60 27 0 110 -22 -260 3.8 3.8 40 0 0 0
Tower 0 60 28 0 110 -18 -260 3.8 3.8 40 0 0 0
Tower 0 60 29 0 110 -14 -260 3.8 3.8 40 0 0 0
Tower 0 60 30 0 110 -10 -260 3.8 3.8 40 0 0 0
Tower 0 60 31 0 110 -6 -260 3.8 3.8 40 0 0 0
Tower 0 60 32 0 110 -2 -260 3.8 3.8 40 0 0 0
Tower 0 60 33 0 110 2 -260 3.8 3.8 40 0 0 0
Tower 0 60 34 0 110 6 -260 3.8 3.8 40 0 0 0
Tower 0 60 35 0 110 10 -260 3.8 3.8 40 0 0 0
Tower 0 60 36 0 110 14 -260 3.8 3.8 40 0 0 0
Tower 0 60 37 0 110 18 -260 3.8 3.8 40 0 0 0
Tower 0 60 38 0 110 22 -260 3.8 3.8 40 0 0 0
Tower 0 60 39 0 110 26 -260 3.8 3.8 40 0 0 0
Tower 0 60 40 0 110 30 -260 3.8 3.8 40 0 0 0
Tower 0 60 41 0 110 34 -260 3.8 3.8 40 0 0 0
Tower 0 60 42 0 110 38 -260 3.8 3.8 40 0 0 0
Tower 0 60 43 0 110 42 -260 3.8 3.8 40 0 0 0
Tower 0 60 44 0 110 46 -260 3.8 3.8 40 0 0 0
Tower 0 60 45 0 110 50 -260 3.8 3.8 40 0 0 0
Tower 0 60 46 0 110 54 -260 3.8 3.8 40 0 0 0
Tower 0 60 47 0 110 58 -260 3.8 3.8 40 0 0 0
Tower 0 60 48 0 110 62 -260 3.8 3.8 40 0 0 0
Tower 0 60 49 0 110 66 -260 3.8 3.8 40 0 0 0
Tower 0 60 50 0 110 70 -260 3.8 3.8 40 0 0 0
Tower 0 61 16 0 114 -66 -260 3.8 3.8 40 0 0 0
Tower 0 61 17 0 114 -62 -260 3.8 3.8 40 0 0 0
Tower 0 61 18 0 114 -58 -260 3.8 3.8 40 0 0 0
Tower 0 61 19 0 114 -54 -260 3.8 3.8 40 0 0 0
Tower 0 61 20 0 114 -50 -260 3.8 3.8 40 0 0 0
Tower 0 61 21 0 114 -46 -260 3.8 3.8 40 0 0 0
Tower 0 61 22 0 114 -42 -260 3.8 3.8 40 0 0 0
Tower 0 61 23 0 114 -38 -260 3.8 3.8 40 0 0 0
Tower 0 61 24 0 114 -34 -260 3.8 3.8 40 0 0 0
Tower 0 61 25 0 114 -30 -260 3.8 3.8 40 0 0 0
Tower 0 61 26 0 114 -26 -260 3.8 3.8 40 0 0 0
Tower 0 61 27 0 114 -22 -260 3.8 3.8 40 0 0 0
Tower 0 61 28 0 114 -18 -260 3.8 3.8 40 0 0 0
Tower 0 61 29 0 114 -14 -260 3.8 3.8 40 0 0 0
Tower 0 61 30 0 114 -10 -260 3.8 3.8 40 0 0 0
Tower 0 61 31 0 114 -6 -260 3.8 3.8 40 0 0 0
Tower 0 61 32 0 114 -2 -260 3.8 3.8 40 0 0 0
Tower 0 61 33 0 114 2 -260 3.8 3.8 40 0 0 0
Tower 0 61 34 0 114 6 -260 3.8 3.8 40 0 0 0
Tower 0 61 35 0 114 10 -260 3.8 3.8 40 0 0 0
Tower 0 61 36 0 114 14 -260 3.8 3.8 40 0 0 0
Tower 0 61 37 0 114 18 -260 3.8 3.8 40 0 0 0
Tower 0 61 38 0 114 22 -260 3.8 3.8 40 0 0 0
Tower 0 61 39 0 114 26 -260 3.8 3.8 40 0 0 0
Tower 0 61 40 0 114 30 -260 3.8 3.8 40 0 0 0
Tower 0 61 41 0 114 34 -260 3.8 3.8 40 0 0 0
Tower 0 61 42 0 114 38 -260 3.8 3.8 40 0 0 0
Tower 0 61 43 0 114 42 -260 3.8 3.8 40 0 0 0
Tower 0 61 44 0 114 46 -260 3.8 3.8 40 0 0 0
Tower 0 61 45 0 114 50 -260 3.8 3.8 40 0 0 0
Tower 0 61 46 0 114 54 -260 3.8 3.8 40 0 0 0
Tower 0 61 47 0 114 58 -260 3.8 3.8 40 0 0 0
Tower 0 61 48 0 114 62 -260 3.8 3.8 40 0 0 0
Tower 0 61 49 0 114 66 -260 3.8 3.8 40 0 0 0
Tower 0 62 18 0 118 -58 -260 3.8 3.8 40 0 0 0
Tower 0 62 19 0 118 -54 -260 3.8 3.8 40 0 0 0
Tower 0 62 20 0 118 -50 -260 3.8 3.8 40 0 0 0
Tower 0 62 21 0 118 -46 -260 3.8 3.8 40 0 0 0
Tower 0 62 22 0 118 -42 -260 3.8 3.8 40 0 0 0
Tower 0 62 23 0 118 -38 -260 3.8 3.8 40 0 0 0
Tower 0 62 24 0 118 -34 -260 3.8 3.8 40 0 0 0
Tower 0 62 25 0 118 -30 -260 3.8 3.8 40 0 0 0
Tower 0 62 26 0 118 -26 -260 3.8 3.8 40 0 0 0
Tower 0 62 27 0 118 -22 -260 3.8 3.8 40 0 0 0
Tower 0 62 28 0 118 -18 -260 3.8 3.8 40 0 0 0
Tower 0 62 29 0 118 -14 -260 3.8 3.8 40 0 0 0
Tower 0 62 30 0 118 -10 -260 3.8 3.8 40 0 0 0
Tower 0 62 31 0 118 -6 -260 3.8 3.8 40 0 0 0
Tower 0 62 32 0 118 -2 -260 3.8 3.8 40 0 0 0
Tower 0 62 33 0 118 2 -260 3.8 3.8 40 0 0 0
Tower 0 62 34 0 118 6 -260 3.8 3.8 40 0 0 0
Tower 0 62 35 0 118 10 -260 3.8 3.8 40 0 0 0
Tower 0 62 36 0 118 14 -260 3.8 3.8 40 0 0 0
Tower 0 62 37 0 118 18 -260 3.8 3.8 40 0 0 0
Tower 0 62 38 0 118 22 -260 3.8 3.8 40 0 0 0
Tower 0 62 39 0 118 26 -260 3.8 3.8 40 0 0 0
Tower 0 62 40 0 118 30 -260 3.8 3.8 40 0 0 0
Tower 0 62 41 0 118 34 -260 3.8 3.8 40 0 0 0
Tower 0 62 42 0 118 38 -260 3.8 3.8 40 0 0 0
Tower 0 62 43 0 118 42 -260 3.8 3.8 40 0 0 0
Tower 0 62 44 0 118 46 -260 3.8 3.8 40 0 0 0
Tower 0 62 45 0 118 50 -260 3.8 3.8 40 0 0 0
Tower 0 62 46 0 118 54 -260 3.8 3.8 40 0 0 0
Tower 0 62 47 0 118 58 -260 3.8 3.8 40 0 0 0
Tower 0 63 20 0 122 -50 -260 3.8 3.8 40 0 0 0
Tower 0 63 21 0 122 -46 -260 3.8 3.8 40 0 0 0
Tower 0 63 22 0 122 -42 -260 3.8 3.8 40 0 0 0
Tower 0 63 23 0 122 -38 -260 3.8 3.8 40 0 0 0
Tower 0 63 24 0 122 -34 -260 3.8 3.8 40 0 0 0
Tower 0 63 25 0 122 -30 -260 3.8 3.8 40 0 0 0
Tower 0 63 26 0 122 -26 -260 3.8 3.8 40 0 0 0
Tower 0 63 27 0 122 -22 -260 3.8 3.8 40 0 0 0
Tower 0 63 28 0 122 -18 -260 3.8 3.8 40 0 0 0
Tower 0 63 29 0 122 -14 -260 3.8 3.8 40 0 0 0
Tower 0 63 30 0 122 -10 -260 3.8 3.8 40 0 0 0
Tower 0 63 31 0 122 -6 -260 3.8 3.8 40 0 0 0
Tower 0 63 32 0 122 -2 -260 3.8 3.8 40 0 0 0
Tower 0 63 33 0 122 2 -260 3.8 3.8 40 0 0 0
Tower 0 63 34 0 122 6 -260 3.8 3.8 40 0 0 0
Tower 0 63 35 0 122 10 -260 3.8 3.8 40 0 0 0
Tower 0 63 36 0 122 14 -260 3.8 3.8 40 0 0 0
Tower 0 63 37 0 122 18 -260 3.8 3.8 40 0 0 0
Tower 0 63 38 0 122 22 -260 3.8 3.8 40 0 0 0
Tower 0 63 39 0 122 26 -260 3.8 3.8 40 0 0 0
Tower 0 63 40 0 122 30 -260 3.8 3.8 40 0 0 0
Tower 0 63 41 0 122 34 -260 3.8 3.8 40 0 0 0
Tower 0 63 42 0 122 38 -260 3.8 3.8 40 0 0 0
Tower 0 63 43 0 122 42 -260 3.8 3.8 40 0 0 0
Tower 0 63 44 0 122 46 -260 3.8 3.8 40 0 0 0
Tower 0 63 45 0 122 50 -260 3.8 3.8 40 0 0 0
Tower 0 64 23 0 126 -38 -260 3.8 3.8 40 0 0 0
Tower 0 64 24 0 126 -34 -260 3.8 3.8 40 0 0 0
Tower 0 64 25 0 126 -30 -260 3.8 3.8 40 0 0 0
Tower 0 64 26 0 126 -26 -260 3.8 3.8 40 0 0 0
Tower 0 64 27 0 126 -22 -260 3.8 3.8 40 0 0 0
Tower 0 64 28 0 126 -18 -260 3.8 3.8 40 0 0 0
Tower 0 64 29 0 126 -14 -260 3.8 3.8 40 0 0 0
Tower 0 64 30 0 126 -10 -260 3.8 3.8 40 0 0 0
Tower 0 64 31 0 126 -6 -260 3.8 3.8 40 0 0 0
Tower 0 64 32 0 126 -2 -260 3.8 3.8 40 0 0 0
Tower 0 64 33 0 126 2 -260 3.8 3.8 40 0 0 0
Tower 0 64 34 0 126 6 -260 3.8 3.8 40 0 0 0
Tower 0 64 35 0 126 10 -260 3.8 3.8 40 0 0 0
Tower 0 64 36 0 126 14 -260 3.8 3.8 40 0 0 0
Tower 0 64 37 0 126 18 -260 3.8 3.8 40 0 0 0
Tower 0 64 38 0 126 22 -260 3.8 3.8 40 0 0 0
Tower 0 64 39 0 126 26 -260 3.8 3.8 40 0 0 0
Tower 0 64 40 0 126 30 -260 3.8 3.8 40 0 0 0
Tower 0 64 41 0 126 34 -260 3.8 3.8 40 0 0 0
Tower 0 64 42 0 126 38 -260 3.8 3.8 40 0 0 0
Tower 0 65 27 0 130 -22 -260 3.8 3.8 40 0 0 0
Tower 0 65 28 0 130 -18 -260 3.8 3.8 40 0 0 0
Tower 0 65 29 0 130 -14 -260 3.8 3.8 40 0 0 0
Tower 0 65 30 0 130 -10 -260 3.8 3.8 40 0 0 0
Tower 0 65 31 0 130 -6 -260 3.8 3.8 40 0 0 0
Tower 0 65 32 0 130 -2 -260 3.8 3.8 40 0 0 0
Tower 0 65 33 0 130 2 -260 3.8 3.8 40 0 0 0
Tower 0 65 34 0 130 6 -260 3.8 3.8 40 0 0 0
Tower 0 65 35 0 130 10 -260 3.8 3.8 40 0 0 0
Tower 0 65 36 0 130 14 -260 3.8 3.8 40 0 0 0
Tower 0 65 37 0 130 18 -260 3.8 3.8 40 0 0 0
Tower 0 65 38 0 130 22 -260 3.8 3.8 40 0 0 0
